42,192,380,1,0,0:0:0:0:
277,192,380,10,0,0:0:0:0:
42,192,657,1,0,0:0:0:0:
277,192,657,10,0,0:0:0:0:
42,192,994,1,0,0:0:0:0:
277,192,994,10,0,0:0:0:0:
234,192,1331,1,0,0:0:0:0:
320,192,1331,10,0,0:0:0:0:
234,192,1668,1,0,0:0:0:0:
320,192,1668,10,0,0:0:0:0:
234,192,2005,1,0,0:0:0:0:
320,192,2005,10,0,0:0:0:0:
42,192,2342,1,0,0:0:0:0:
277,192,2342,10,0,0:0:0:0:
320,192,2742,10,0,0:0:0:0:
234,192,2742,1,0,0:0:0:0:
234,192,3151,1,0,0:0:0:0:
320,192,3151,10,0,0:0:0:0:
42,192,3623,1,0,0:0:0:0:
277,192,3623,10,0,0:0:0:0:
234,192,4091,1,0,0:0:0:0:
320,192,4095,10,0,0:0:0:0:
320,192,4634,10,0,0:0:0:0:
234,192,4638,1,0,0:0:0:0:
42,192,6050,1,0,0:0:0:0:
106,192,6218,1,0,0:0:0:0:
106,192,6387,1,0,0:0:0:0:
277,192,6555,10,0,0:0:0:0:
192,192,6724,1,0,0:0:0:0:
277,192,6892,10,0,0:0:0:0:
149,192,7061,1,0,0:0:0:0:
320,192,7229,10,0,0:0:0:0:
149,192,7398,1,0,0:0:0:0:
42,192,7398,1,0,0:0:0:0:
320,192,7566,10,0,0:0:0:0:
42,192,7735,1,0,0:0:0:0:
149,192,7735,1,0,0:0:0:0:
320,192,7903,10,0,0:0:0:0:
42,192,8072,1,0,0:0:0:0:
106,192,8072,1,0,0:0:0:0:
320,192,8240,10,0,0:0:0:0:
42,192,8409,1,0,0:0:0:0:
64,192,8409,1,0,0:0:0:0:
149,192,8409,1,0,0:0:0:0:
320,192,8577,10,0,0:0:0:0:
42,192,8746,1,0,0:0:0:0:
106,192,8746,1,0,0:0:0:0:
320,192,8914,10,0,0:0:0:0:
42,192,9083,1,0,0:0:0:0:
64,192,9083,1,0,0:0:0:0:
149,192,9083,1,0,0:0:0:0:
320,192,9251,10,0,0:0:0:0:
42,192,9420,1,0,0:0:0:0:
149,192,9420,1,0,0:0:0:0:
320,192,9589,10,0,0:0:0:0:
21,192,9757,1,0,0:0:0:0:
106,192,9757,1,0,0:0:0:0:
277,192,9926,10,0,0:0:0:0:
21,192,10094,1,0,0:0:0:0:
106,192,10094,1,0,0:0:0:0:
277,192,10263,10,0,0:0:0:0:
64,192,10431,1,0,0:0:0:0:
192,192,10431,1,0,0:0:0:0:
277,192,10600,10,0,0:0:0:0:
149,192,10768,1,0,0:0:0:0:
64,192,10768,1,0,0:0:0:0:
277,192,10937,10,0,0:0:0:0:
21,192,11105,1,0,0:0:0:0:
149,192,11105,1,0,0:0:0:0:
277,192,11274,10,0,0:0:0:0:
21,192,11442,1,0,0:0:0:0:
106,192,11442,1,0,0:0:0:0:
277,192,11611,10,0,0:0:0:0:
21,192,11780,1,0,0:0:0:0:
106,192,11780,1,0,0:0:0:0:
277,192,11948,10,0,0:0:0:0:
21,192,12117,1,0,0:0:0:0:
64,192,12117,1,0,0:0:0:0:
149,192,12117,1,0,0:0:0:0:
277,192,12285,10,0,0:0:0:0:
21,192,12454,1,0,0:0:0:0:
64,192,12454,1,0,0:0:0:0:
277,192,12622,10,0,0:0:0:0:
21,192,12791,1,0,0:0:0:0:
106,192,12791,1,0,0:0:0:0:
277,192,12959,10,0,0:0:0:0:
21,192,13128,1,0,0:0:0:0:
64,192,13128,1,0,0:0:0:0:
277,192,13296,10,0,0:0:0:0:
64,192,13465,1,0,0:0:0:0:
149,192,13465,1,0,0:0:0:0:
277,192,13633,10,0,0:0:0:0:
21,192,13802,1,0,0:0:0:0:
106,192,13802,1,0,0:0:0:0:
64,192,13971,1,0,0:0:0:0:
64,192,14139,1,0,0:0:0:0:
149,192,14274,1,0,0:0:0:0:
149,192,14476,1,0,0:0:0:0:
192,192,14645,1,0,0:0:0:0:
149,192,14813,1,0,0:0:0:0:
192,192,14982,1,0,0:0:0:0:
106,192,15150,1,0,0:0:0:0:
192,192,15319,1,0,0:0:0:0:
149,192,15487,1,0,0:0:0:0:
42,192,15487,1,0,0:0:0:0:
320,192,15656,10,0,0:0:0:0:
42,192,15824,1,0,0:0:0:0:
149,192,15824,1,0,0:0:0:0:
320,192,15993,10,0,0:0:0:0:
42,192,16162,1,0,0:0:0:0:
106,192,16162,1,0,0:0:0:0:
320,192,16330,10,0,0:0:0:0:
42,192,16499,1,0,0:0:0:0:
64,192,16499,1,0,0:0:0:0:
149,192,16499,1,0,0:0:0:0:
320,192,16667,10,0,0:0:0:0:
42,192,16836,1,0,0:0:0:0:
106,192,16836,1,0,0:0:0:0:
320,192,17004,10,0,0:0:0:0:
42,192,17173,1,0,0:0:0:0:
64,192,17173,1,0,0:0:0:0:
149,192,17173,1,0,0:0:0:0:
320,192,17341,10,0,0:0:0:0:
42,192,17510,1,0,0:0:0:0:
149,192,17510,1,0,0:0:0:0:
320,192,17678,10,0,0:0:0:0:
21,192,17847,1,0,0:0:0:0:
106,192,17847,1,0,0:0:0:0:
320,192,18015,10,0,0:0:0:0:
21,192,18184,1,0,0:0:0:0:
106,192,18184,1,0,0:0:0:0:
277,192,18353,1,0,0:0:0:0:
64,192,18521,1,0,0:0:0:0:
192,192,18521,1,0,0:0:0:0:
234,192,18690,1,0,0:0:0:0:
149,192,18858,1,0,0:0:0:0:
64,192,18858,1,0,0:0:0:0:
234,192,19027,1,0,0:0:0:0:
21,192,19195,1,0,0:0:0:0:
149,192,19195,1,0,0:0:0:0:
234,192,19364,1,0,0:0:0:0:
21,192,19532,1,0,0:0:0:0:
106,192,19532,1,0,0:0:0:0:
234,192,19701,1,0,0:0:0:0:
64,192,19869,1,0,0:0:0:0:
149,192,19869,1,0,0:0:0:0:
106,192,20038,1,0,0:0:0:0:
21,192,20206,1,0,0:0:0:0:
234,192,20206,1,0,0:0:0:0:
21,192,20544,1,0,0:0:0:0:
106,192,20544,1,0,0:0:0:0:
21,192,20881,1,0,0:0:0:0:
106,192,20881,1,0,0:0:0:0:
192,192,20881,1,0,0:0:0:0:
106,192,21049,1,0,0:0:0:0:
64,192,21218,1,0,0:0:0:0:
149,192,21218,1,0,0:0:0:0:
234,192,21218,1,0,0:0:0:0:
64,192,21555,1,0,0:0:0:0:
149,192,21555,1,0,0:0:0:0:
21,192,23577,1,0,0:0:0:0:
149,192,23577,1,0,0:0:0:0:
149,192,23830,1,0,0:0:0:0:
21,192,23830,1,0,0:0:0:0:
21,192,24083,1,0,0:0:0:0:
149,192,24083,1,0,0:0:0:0:
21,192,24251,1,0,0:0:0:0:
149,192,24251,1,0,0:0:0:0:
21,192,24420,1,0,0:0:0:0:
106,192,24420,1,0,0:0:0:0:
21,192,24589,1,0,0:0:0:0:
64,192,24589,1,0,0:0:0:0:
149,192,24589,1,0,0:0:0:0:
21,192,24841,1,0,0:0:0:0:
64,192,24841,1,0,0:0:0:0:
149,192,24841,1,0,0:0:0:0:
21,192,25010,1,0,0:0:0:0:
64,192,25010,1,0,0:0:0:0:
149,192,25010,1,0,0:0:0:0:
21,192,25263,1,0,0:0:0:0:
106,192,25263,1,0,0:0:0:0:
21,192,25431,1,0,0:0:0:0:
149,192,25431,1,0,0:0:0:0:
64,192,25431,1,0,0:0:0:0:
21,192,25600,1,0,0:0:0:0:
106,192,25600,1,0,0:0:0:0:
192,192,25600,1,0,0:0:0:0:
21,192,25853,1,0,0:0:0:0:
64,192,25853,1,0,0:0:0:0:
21,192,26021,1,0,0:0:0:0:
64,192,26021,1,0,0:0:0:0:
21,192,26274,1,0,0:0:0:0:
64,192,26274,1,0,0:0:0:0:
21,192,26442,1,0,0:0:0:0:
64,192,26442,1,0,0:0:0:0:
149,192,26611,1,0,0:0:0:0:
234,192,26611,1,0,0:0:0:0:
149,192,26864,1,0,0:0:0:0:
234,192,26864,1,0,0:0:0:0:
149,192,27117,1,0,0:0:0:0:
234,192,27117,1,0,0:0:0:0:
192,192,27285,1,0,0:0:0:0:
106,192,27285,1,0,0:0:0:0:
149,192,27454,1,0,0:0:0:0:
64,192,27454,1,0,0:0:0:0:
21,192,27622,1,0,0:0:0:0:
106,192,27622,1,0,0:0:0:0:
21,192,27875,1,0,0:0:0:0:
106,192,27875,1,0,0:0:0:0:
21,192,28128,1,0,0:0:0:0:
106,192,28128,1,0,0:0:0:0:
21,192,28296,1,0,0:0:0:0:
106,192,28296,1,0,0:0:0:0:
21,192,28465,1,0,0:0:0:0:
64,192,28465,1,0,0:0:0:0:
149,192,28465,1,0,0:0:0:0:
21,192,28633,1,0,0:0:0:0:
106,192,28633,1,0,0:0:0:0:
21,192,28886,1,0,0:0:0:0:
106,192,28886,1,0,0:0:0:0:
21,192,29139,1,0,0:0:0:0:
106,192,29139,1,0,0:0:0:0:
21,192,29308,1,0,0:0:0:0:
64,192,29308,1,0,0:0:0:0:
21,192,29476,1,0,0:0:0:0:
106,192,29476,1,0,0:0:0:0:
64,192,29645,1,0,0:0:0:0:
149,192,29645,1,0,0:0:0:0:
64,192,29897,1,0,0:0:0:0:
21,192,29897,1,0,0:0:0:0:
21,192,30150,1,0,0:0:0:0:
64,192,30150,1,0,0:0:0:0:
149,192,30150,1,0,0:0:0:0:
106,192,30319,1,0,0:0:0:0:
192,192,30319,1,0,0:0:0:0:
234,192,30487,1,0,0:0:0:0:
149,192,30487,1,0,0:0:0:0:
234,192,30572,1,0,0:0:0:0:
149,192,30572,1,0,0:0:0:0:
234,192,30656,1,0,0:0:0:0:
149,192,30656,1,0,0:0:0:0:
234,192,30909,1,0,0:0:0:0:
149,192,30909,1,0,0:0:0:0:
234,192,31162,1,0,0:0:0:0:
149,192,31162,1,0,0:0:0:0:
234,192,31330,1,0,0:0:0:0:
149,192,31330,1,0,0:0:0:0:
234,192,31499,1,0,0:0:0:0:
106,192,31499,1,0,0:0:0:0:
21,192,31667,1,0,0:0:0:0:
149,192,31667,1,0,0:0:0:0:
149,192,31920,1,0,0:0:0:0:
21,192,31920,1,0,0:0:0:0:
21,192,32173,1,0,0:0:0:0:
149,192,32173,1,0,0:0:0:0:
21,192,32341,1,0,0:0:0:0:
149,192,32341,1,0,0:0:0:0:
21,192,32510,1,0,0:0:0:0:
106,192,32510,1,0,0:0:0:0:
21,192,32678,1,0,0:0:0:0:
64,192,32678,1,0,0:0:0:0:
149,192,32678,1,0,0:0:0:0:
21,192,32931,1,0,0:0:0:0:
64,192,32931,1,0,0:0:0:0:
149,192,32931,1,0,0:0:0:0:
21,192,33100,1,0,0:0:0:0:
64,192,33100,1,0,0:0:0:0:
149,192,33100,1,0,0:0:0:0:
21,192,33353,1,0,0:0:0:0:
106,192,33353,1,0,0:0:0:0:
21,192,33521,1,0,0:0:0:0:
149,192,33521,1,0,0:0:0:0:
64,192,33521,1,0,0:0:0:0:
21,192,33690,1,0,0:0:0:0:
106,192,33690,1,0,0:0:0:0:
192,192,33690,1,0,0:0:0:0:
21,192,33942,1,0,0:0:0:0:
64,192,33942,1,0,0:0:0:0:
21,192,34111,1,0,0:0:0:0:
64,192,34111,1,0,0:0:0:0:
21,192,34364,1,0,0:0:0:0:
64,192,34364,1,0,0:0:0:0:
21,192,34532,1,0,0:0:0:0:
64,192,34532,1,0,0:0:0:0:
192,192,34701,1,0,0:0:0:0:
234,192,34701,1,0,0:0:0:0:
192,192,34954,1,0,0:0:0:0:
234,192,34954,1,0,0:0:0:0:
234,192,35206,1,0,0:0:0:0:
192,192,35206,1,0,0:0:0:0:
106,192,35375,1,0,0:0:0:0:
149,192,35375,1,0,0:0:0:0:
64,192,35544,1,0,0:0:0:0:
21,192,35544,1,0,0:0:0:0:
106,192,35712,1,0,0:0:0:0:
149,192,35712,1,0,0:0:0:0:
64,192,35965,1,0,0:0:0:0:
192,192,35965,1,0,0:0:0:0:
64,192,36218,1,0,0:0:0:0:
192,192,36218,1,0,0:0:0:0:
64,192,36386,1,0,0:0:0:0:
192,192,36386,1,0,0:0:0:0:
21,192,36555,1,0,0:0:0:0:
234,192,36555,1,0,0:0:0:0:
106,192,36723,1,0,0:0:0:0:
149,192,36723,1,0,0:0:0:0:
106,192,36976,1,0,0:0:0:0:
149,192,36976,1,0,0:0:0:0:
64,192,37229,1,0,0:0:0:0:
192,192,37229,1,0,0:0:0:0:
192,192,37397,1,0,0:0:0:0:
64,192,37397,1,0,0:0:0:0:
234,192,37566,1,0,0:0:0:0:
21,192,37566,1,0,0:0:0:0:
106,192,37735,1,0,0:0:0:0:
149,192,37735,1,0,0:0:0:0:
64,192,37987,1,0,0:0:0:0:
192,192,37987,1,0,0:0:0:0:
192,192,38240,1,0,0:0:0:0:
64,192,38240,1,0,0:0:0:0:
192,192,38409,1,0,0:0:0:0:
64,192,38409,1,0,0:0:0:0:
192,192,38577,1,0,0:0:0:0:
64,192,38577,1,0,0:0:0:0:
21,192,38746,1,0,0:0:0:0:
234,192,38746,1,0,0:0:0:0:
192,192,40094,1,0,0:0:0:0:
234,192,40094,1,0,0:0:0:0:
277,192,40094,10,0,0:0:0:0:
320,192,40094,10,0,0:0:0:0:
21,192,40107,1,0,0:0:0:0:
106,192,40107,1,0,0:0:0:0:
149,192,40359,1,0,0:0:0:0:
192,192,40612,1,0,0:0:0:0:
64,192,40781,1,0,0:0:0:0:
106,192,40781,1,0,0:0:0:0:
192,192,40781,1,0,0:0:0:0:
234,192,40781,1,0,0:0:0:0:
277,192,40781,10,0,0:0:0:0:
320,192,40781,10,0,0:0:0:0:
149,192,41033,1,0,0:0:0:0:
192,192,41286,1,0,0:0:0:0:
106,192,41455,1,0,0:0:0:0:
192,192,41455,1,0,0:0:0:0:
234,192,41455,1,0,0:0:0:0:
149,192,41455,1,0,0:0:0:0:
277,192,41455,10,0,0:0:0:0:
320,192,41455,10,0,0:0:0:0:
64,192,41708,1,0,0:0:0:0:
192,192,41960,1,0,0:0:0:0:
234,192,42129,1,0,0:0:0:0:
192,192,42129,1,0,0:0:0:0:
149,192,42129,1,0,0:0:0:0:
149,192,42382,1,0,0:0:0:0:
234,192,42382,1,0,0:0:0:0:
192,192,42382,1,0,0:0:0:0:
149,192,42635,1,0,0:0:0:0:
192,192,42635,1,0,0:0:0:0:
106,192,42635,1,0,0:0:0:0:
21,192,42803,1,0,0:0:0:0:
106,192,42803,1,0,0:0:0:0:
149,192,42803,1,0,0:0:0:0:
277,192,42803,10,0,0:0:0:0:
320,192,42803,10,0,0:0:0:0:
21,192,43056,1,0,0:0:0:0:
106,192,43309,1,0,0:0:0:0:
64,192,43477,1,0,0:0:0:0:
192,192,43477,1,0,0:0:0:0:
21,192,43477,1,0,0:0:0:0:
149,192,43477,1,0,0:0:0:0:
277,192,43477,10,0,0:0:0:0:
320,192,43477,10,0,0:0:0:0:
64,192,43730,1,0,0:0:0:0:
149,192,43983,1,0,0:0:0:0:
106,192,44151,1,0,0:0:0:0:
192,192,44151,1,0,0:0:0:0:
234,192,44151,1,0,0:0:0:0:
64,192,44151,1,0,0:0:0:0:
277,192,44151,10,0,0:0:0:0:
320,192,44151,10,0,0:0:0:0:
106,192,44404,1,0,0:0:0:0:
192,192,44657,1,0,0:0:0:0:
149,192,44826,1,0,0:0:0:0:
234,192,44826,1,0,0:0:0:0:
106,192,44826,1,0,0:0:0:0:
106,192,45078,1,0,0:0:0:0:
149,192,45078,1,0,0:0:0:0:
234,192,45078,1,0,0:0:0:0:
192,192,45331,1,0,0:0:0:0:
106,192,45331,1,0,0:0:0:0:
64,192,45331,1,0,0:0:0:0:
21,192,45500,1,0,0:0:0:0:
149,192,45500,1,0,0:0:0:0:
234,192,45500,1,0,0:0:0:0:
277,192,45500,10,0,0:0:0:0:
320,192,45500,10,0,0:0:0:0:
21,192,45753,1,0,0:0:0:0:
149,192,46005,1,0,0:0:0:0:
106,192,46174,1,0,0:0:0:0:
234,192,46174,1,0,0:0:0:0:
21,192,46174,1,0,0:0:0:0:
277,192,46174,10,0,0:0:0:0:
320,192,46174,10,0,0:0:0:0:
64,192,46427,1,0,0:0:0:0:
192,192,46680,1,0,0:0:0:0:
64,192,46848,1,0,0:0:0:0:
149,192,46848,1,0,0:0:0:0:
234,192,46848,1,0,0:0:0:0:
277,192,46848,10,0,0:0:0:0:
320,192,46848,10,0,0:0:0:0:
106,192,47017,1,0,0:0:0:0:
192,192,47017,1,0,0:0:0:0:
149,192,47185,1,0,0:0:0:0:
234,192,47185,1,0,0:0:0:0:
192,192,47522,1,0,0:0:0:0:
106,192,47522,1,0,0:0:0:0:
149,192,47691,1,0,0:0:0:0:
64,192,47691,1,0,0:0:0:0:
106,192,47859,1,0,0:0:0:0:
21,192,47859,1,0,0:0:0:0:
64,192,48028,1,0,0:0:0:0:
149,192,48028,1,0,0:0:0:0:
106,192,48196,1,0,0:0:0:0:
192,192,48196,1,0,0:0:0:0:
234,192,48533,1,0,0:0:0:0:
149,192,48533,1,0,0:0:0:0:
192,192,48702,1,0,0:0:0:0:
106,192,48702,1,0,0:0:0:0:
149,192,48871,1,0,0:0:0:0:
64,192,48871,1,0,0:0:0:0:
106,192,49039,1,0,0:0:0:0:
192,192,49039,1,0,0:0:0:0:
149,192,49208,1,0,0:0:0:0:
234,192,49208,1,0,0:0:0:0:
192,192,49545,1,0,0:0:0:0:
106,192,49545,1,0,0:0:0:0:
149,192,49713,1,0,0:0:0:0:
64,192,49713,1,0,0:0:0:0:
21,192,49882,1,0,0:0:0:0:
106,192,49882,1,0,0:0:0:0:
64,192,50050,1,0,0:0:0:0:
149,192,50050,1,0,0:0:0:0:
106,192,50219,1,0,0:0:0:0:
192,192,50219,1,0,0:0:0:0:
64,192,50556,1,0,0:0:0:0:
149,192,50556,1,0,0:0:0:0:
106,192,50724,1,0,0:0:0:0:
149,192,50724,1,0,0:0:0:0:
106,192,50893,1,0,0:0:0:0:
192,192,50893,1,0,0:0:0:0:
106,192,51230,1,0,0:0:0:0:
192,192,51230,1,0,0:0:0:0:
149,192,51567,1,0,0:0:0:0:
234,192,51567,1,0,0:0:0:0:
149,192,51904,1,0,0:0:0:0:
234,192,51904,1,0,0:0:0:0:
448,192,51904,128,0,55948:0:0:0:0:
490,192,51904,128,0,55948:0:0:0:0:
234,192,52241,1,0,0:0:0:0:
192,192,52578,1,0,0:0:0:0:
149,192,52915,1,0,0:0:0:0:
106,192,53252,1,0,0:0:0:0:
64,192,53589,1,0,0:0:0:0:
106,192,53926,1,0,0:0:0:0:
64,192,54263,1,0,0:0:0:0:
106,192,54600,1,0,0:0:0:0:
149,192,54937,1,0,0:0:0:0:
234,192,55274,1,0,0:0:0:0:
192,192,55611,1,0,0:0:0:0:
149,192,55948,1,0,0:0:0:0:
234,192,56286,1,0,0:0:0:0:
192,192,56286,1,0,0:0:0:0:
106,192,56286,1,0,0:0:0:0:
192,192,56623,1,0,0:0:0:0:
106,192,56623,1,0,0:0:0:0:
64,192,56623,1,0,0:0:0:0:
149,192,56960,1,0,0:0:0:0:
64,192,56960,1,0,0:0:0:0:
21,192,56960,1,0,0:0:0:0:
106,192,57297,1,0,0:0:0:0:
64,192,57634,1,0,0:0:0:0:
106,192,57971,1,0,0:0:0:0:
64,192,58308,1,0,0:0:0:0:
106,192,58645,1,0,0:0:0:0:
149,192,58982,1,0,0:0:0:0:
106,192,59319,1,0,0:0:0:0:
149,192,59319,1,0,0:0:0:0:
21,192,59319,1,0,0:0:0:0:
320,192,59319,10,0,0:0:0:0:
21,192,59656,1,0,0:0:0:0:
106,192,59656,1,0,0:0:0:0:
277,192,59656,10,0,0:0:0:0:
21,192,59993,1,0,0:0:0:0:
64,192,59993,1,0,0:0:0:0:
149,192,59993,1,0,0:0:0:0:
500,192,59993,129,0,65386:0:0:0:0:
501,192,59993,129,0,65386:0:0:0:0:
21,192,60245,1,0,0:0:0:0:
64,192,60245,1,0,0:0:0:0:
149,192,60245,1,0,0:0:0:0:
21,192,60498,1,0,0:0:0:0:
64,192,60498,1,0,0:0:0:0:
149,192,60498,1,0,0:0:0:0:
106,192,60667,1,0,0:0:0:0:
64,192,60667,1,0,0:0:0:0:
192,192,60667,1,0,0:0:0:0:
64,192,60919,1,0,0:0:0:0:
106,192,60919,1,0,0:0:0:0:
192,192,60919,1,0,0:0:0:0:
64,192,61172,1,0,0:0:0:0:
106,192,61172,1,0,0:0:0:0:
192,192,61172,1,0,0:0:0:0:
149,192,61341,1,0,0:0:0:0:
234,192,61341,1,0,0:0:0:0:
192,192,61594,1,0,0:0:0:0:
106,192,61594,1,0,0:0:0:0:
149,192,61846,1,0,0:0:0:0:
234,192,61846,1,0,0:0:0:0:
106,192,61959,1,0,0:0:0:0:
192,192,61959,1,0,0:0:0:0:
64,192,62015,1,0,0:0:0:0:
149,192,62015,1,0,0:0:0:0:
21,192,62689,1,0,0:0:0:0:
64,192,62689,1,0,0:0:0:0:
149,192,62689,1,0,0:0:0:0:
21,192,62942,1,0,0:0:0:0:
64,192,62942,1,0,0:0:0:0:
149,192,62942,1,0,0:0:0:0:
21,192,63195,1,0,0:0:0:0:
64,192,63195,1,0,0:0:0:0:
149,192,63195,1,0,0:0:0:0:
106,192,63363,1,0,0:0:0:0:
64,192,63363,1,0,0:0:0:0:
192,192,63363,1,0,0:0:0:0:
64,192,63616,1,0,0:0:0:0:
106,192,63616,1,0,0:0:0:0:
192,192,63616,1,0,0:0:0:0:
64,192,63869,1,0,0:0:0:0:
106,192,63869,1,0,0:0:0:0:
192,192,63869,1,0,0:0:0:0:
149,192,64037,1,0,0:0:0:0:
234,192,64037,1,0,0:0:0:0:
192,192,64290,1,0,0:0:0:0:
106,192,64290,1,0,0:0:0:0:
149,192,64543,1,0,0:0:0:0:
234,192,64543,1,0,0:0:0:0:
106,192,64655,1,0,0:0:0:0:
192,192,64655,1,0,0:0:0:0:
64,192,64712,1,0,0:0:0:0:
149,192,64712,1,0,0:0:0:0:
106,192,64964,1,0,0:0:0:0:
192,192,64964,1,0,0:0:0:0:
149,192,65217,1,0,0:0:0:0:
234,192,65217,1,0,0:0:0:0:
106,192,65330,1,0,0:0:0:0:
192,192,65330,1,0,0:0:0:0:
64,192,65386,1,0,0:0:0:0:
149,192,65386,1,0,0:0:0:0:
106,192,65639,1,0,0:0:0:0:
64,192,65639,1,0,0:0:0:0:
21,192,65891,1,0,0:0:0:0:
64,192,65891,1,0,0:0:0:0:
106,192,65976,1,0,0:0:0:0:
234,192,66060,1,0,0:0:0:0:
192,192,66172,1,0,0:0:0:0:
149,192,66285,1,0,0:0:0:0:
106,192,66397,1,0,0:0:0:0:
64,192,66509,1,0,0:0:0:0:
21,192,66622,1,0,0:0:0:0:
234,192,66734,1,0,0:0:0:0:
192,192,66846,1,0,0:0:0:0:
149,192,66959,1,0,0:0:0:0:
106,192,67071,1,0,0:0:0:0:
64,192,67184,1,0,0:0:0:0:
106,192,67296,1,0,0:0:0:0:
234,192,67408,1,0,0:0:0:0:
192,192,67521,1,0,0:0:0:0:
149,192,67633,1,0,0:0:0:0:
106,192,67745,1,0,0:0:0:0:
64,192,67858,1,0,0:0:0:0:
21,192,67970,1,0,0:0:0:0:
149,192,68081,1,0,0:0:0:0:
106,192,68082,1,0,0:0:0:0:
21,192,68839,1,0,0:0:0:0:
64,192,68839,1,0,0:0:0:0:
64,192,69134,1,0,0:0:0:0:
106,192,69134,1,0,0:0:0:0:
21,192,69345,1,0,0:0:0:0:
106,192,69345,1,0,0:0:0:0:
64,192,69513,1,0,0:0:0:0:
149,192,69513,1,0,0:0:0:0:
106,192,69766,1,0,0:0:0:0:
149,192,69766,1,0,0:0:0:0:
21,192,69934,1,0,0:0:0:0:
149,192,69934,1,0,0:0:0:0:
64,192,70103,1,0,0:0:0:0:
192,192,70103,1,0,0:0:0:0:
21,192,70229,1,0,0:0:0:0:
106,192,70229,1,0,0:0:0:0:
234,192,70229,1,0,0:0:0:0:
21,192,70398,1,0,0:0:0:0:
149,192,70398,1,0,0:0:0:0:
234,192,70398,1,0,0:0:0:0:
234,192,70566,1,0,0:0:0:0:
192,192,70566,1,0,0:0:0:0:
21,192,70777,1,0,0:0:0:0:
149,192,70777,1,0,0:0:0:0:
234,192,70777,1,0,0:0:0:0:
21,192,70904,1,0,0:0:0:0:
192,192,70904,1,0,0:0:0:0:
234,192,70904,1,0,0:0:0:0:
192,192,71072,1,0,0:0:0:0:
234,192,71072,1,0,0:0:0:0:
192,192,71241,1,0,0:0:0:0:
149,192,71241,1,0,0:0:0:0:
192,192,71409,1,0,0:0:0:0:
234,192,71409,1,0,0:0:0:0:
192,192,71578,1,0,0:0:0:0:
149,192,71578,1,0,0:0:0:0:
192,192,71746,1,0,0:0:0:0:
234,192,71746,1,0,0:0:0:0:
192,192,71957,1,0,0:0:0:0:
234,192,71957,1,0,0:0:0:0:
149,192,72083,1,0,0:0:0:0:
192,192,72210,1,0,0:0:0:0:
234,192,72210,1,0,0:0:0:0:
106,192,72336,1,0,0:0:0:0:
192,192,72463,1,0,0:0:0:0:
234,192,72463,1,0,0:0:0:0:
64,192,72505,1,0,0:0:0:0:
192,192,72589,1,0,0:0:0:0:
234,192,72589,1,0,0:0:0:0:
21,192,72715,1,0,0:0:0:0:
192,192,72800,1,0,0:0:0:0:
234,192,72800,1,0,0:0:0:0:
149,192,72842,1,0,0:0:0:0:
192,192,72884,1,0,0:0:0:0:
234,192,72884,1,0,0:0:0:0:
106,192,72968,1,0,0:0:0:0:
192,192,73010,1,0,0:0:0:0:
234,192,73010,1,0,0:0:0:0:
64,192,73073,1,0,0:0:0:0:
192,192,73095,1,0,0:0:0:0:
234,192,73095,1,0,0:0:0:0:
21,192,73221,1,0,0:0:0:0:
192,192,73263,1,0,0:0:0:0:
234,192,73263,1,0,0:0:0:0:
149,192,73368,1,0,0:0:0:0:
192,192,73432,1,0,0:0:0:0:
234,192,73432,1,0,0:0:0:0:
106,192,73579,1,0,0:0:0:0:
192,192,73684,1,0,0:0:0:0:
234,192,73684,1,0,0:0:0:0:
64,192,73790,1,0,0:0:0:0:
192,192,73937,1,0,0:0:0:0:
234,192,73937,1,0,0:0:0:0:
21,192,76676,1,0,0:0:0:0:
64,192,76676,1,0,0:0:0:0:
192,192,76676,1,0,0:0:0:0:
234,192,76676,1,0,0:0:0:0:
277,192,76676,10,0,0:0:0:0:
320,192,76676,10,0,0:0:0:0:
192,192,77182,1,0,0:0:0:0:
234,192,77182,1,0,0:0:0:0:
192,192,77266,1,0,0:0:0:0:
234,192,77266,1,0,0:0:0:0:
192,192,77350,1,0,0:0:0:0:
234,192,77350,1,0,0:0:0:0:
192,192,77603,1,0,0:0:0:0:
234,192,77603,1,0,0:0:0:0:
149,192,77856,1,0,0:0:0:0:
192,192,77856,1,0,0:0:0:0:
64,192,77990,1,0,0:0:0:0:
149,192,77990,1,0,0:0:0:0:
192,192,77990,1,0,0:0:0:0:
64,192,78242,1,0,0:0:0:0:
149,192,78242,1,0,0:0:0:0:
192,192,78242,1,0,0:0:0:0:
64,192,78495,1,0,0:0:0:0:
106,192,78495,1,0,0:0:0:0:
192,192,78495,1,0,0:0:0:0:
21,192,78664,1,0,0:0:0:0:
106,192,78664,1,0,0:0:0:0:
149,192,78664,1,0,0:0:0:0:
21,192,78916,1,0,0:0:0:0:
64,192,78916,1,0,0:0:0:0:
149,192,78916,1,0,0:0:0:0:
106,192,79085,1,0,0:0:0:0:
192,192,79085,1,0,0:0:0:0:
234,192,79085,1,0,0:0:0:0:
149,192,79338,1,0,0:0:0:0:
192,192,79338,1,0,0:0:0:0:
234,192,79338,1,0,0:0:0:0:
149,192,79591,1,0,0:0:0:0:
106,192,79591,1,0,0:0:0:0:
106,192,79843,1,0,0:0:0:0:
149,192,79843,1,0,0:0:0:0:
106,192,80012,1,0,0:0:0:0:
192,192,80012,1,0,0:0:0:0:
234,192,80012,1,0,0:0:0:0:
106,192,80265,1,0,0:0:0:0:
234,192,80265,1,0,0:0:0:0:
149,192,80265,1,0,0:0:0:0:
234,192,80518,1,0,0:0:0:0:
64,192,80518,1,0,0:0:0:0:
64,192,80686,1,0,0:0:0:0:
192,192,80686,1,0,0:0:0:0:
64,192,80939,1,0,0:0:0:0:
192,192,80939,1,0,0:0:0:0:
64,192,81192,1,0,0:0:0:0:
149,192,81192,1,0,0:0:0:0:
64,192,81360,1,0,0:0:0:0:
106,192,81360,1,0,0:0:0:0:
21,192,81613,1,0,0:0:0:0:
106,192,81613,1,0,0:0:0:0:
149,192,81613,1,0,0:0:0:0:
21,192,81866,1,0,0:0:0:0:
64,192,81866,1,0,0:0:0:0:
149,192,81866,1,0,0:0:0:0:
64,192,82034,1,0,0:0:0:0:
149,192,82034,1,0,0:0:0:0:
192,192,82034,1,0,0:0:0:0:
64,192,82287,1,0,0:0:0:0:
21,192,82287,1,0,0:0:0:0:
64,192,82540,1,0,0:0:0:0:
21,192,82540,1,0,0:0:0:0:
149,192,82540,1,0,0:0:0:0:
106,192,82540,1,0,0:0:0:0:
106,192,82624,1,0,0:0:0:0:
149,192,82624,1,0,0:0:0:0:
192,192,82709,1,0,0:0:0:0:
234,192,82709,1,0,0:0:0:0:
192,192,82961,1,0,0:0:0:0:
234,192,82961,1,0,0:0:0:0:
149,192,83214,1,0,0:0:0:0:
192,192,83214,1,0,0:0:0:0:
106,192,83383,1,0,0:0:0:0:
64,192,83383,1,0,0:0:0:0:
234,192,83383,1,0,0:0:0:0:
64,192,83636,1,0,0:0:0:0:
106,192,83636,1,0,0:0:0:0:
234,192,83636,1,0,0:0:0:0:
64,192,83888,1,0,0:0:0:0:
149,192,83888,1,0,0:0:0:0:
192,192,83888,1,0,0:0:0:0:
64,192,84057,1,0,0:0:0:0:
106,192,84057,1,0,0:0:0:0:
192,192,84057,1,0,0:0:0:0:
64,192,84310,1,0,0:0:0:0:
106,192,84310,1,0,0:0:0:0:
192,192,84310,1,0,0:0:0:0:
64,192,84563,1,0,0:0:0:0:
192,192,84563,1,0,0:0:0:0:
149,192,84563,1,0,0:0:0:0:
234,192,84731,1,0,0:0:0:0:
106,192,84731,1,0,0:0:0:0:
149,192,84731,1,0,0:0:0:0:
106,192,84984,1,0,0:0:0:0:
149,192,84984,1,0,0:0:0:0:
234,192,84984,1,0,0:0:0:0:
192,192,85237,1,0,0:0:0:0:
234,192,85237,1,0,0:0:0:0:
106,192,85237,1,0,0:0:0:0:
192,192,85405,1,0,0:0:0:0:
234,192,85405,1,0,0:0:0:0:
234,192,85658,1,0,0:0:0:0:
106,192,85658,1,0,0:0:0:0:
192,192,85658,1,0,0:0:0:0:
64,192,85911,1,0,0:0:0:0:
106,192,85911,1,0,0:0:0:0:
192,192,85911,1,0,0:0:0:0:
21,192,86079,1,0,0:0:0:0:
106,192,86079,1,0,0:0:0:0:
234,192,86079,1,0,0:0:0:0:
149,192,86079,1,0,0:0:0:0:
21,192,86332,1,0,0:0:0:0:
106,192,86332,1,0,0:0:0:0:
149,192,86332,1,0,0:0:0:0:
234,192,86332,1,0,0:0:0:0:
149,192,86585,1,0,0:0:0:0:
64,192,86585,1,0,0:0:0:0:
192,192,86585,1,0,0:0:0:0:
149,192,86838,1,0,0:0:0:0:
106,192,86838,1,0,0:0:0:0:
234,192,86838,1,0,0:0:0:0:
192,192,86922,1,0,0:0:0:0:
234,192,87091,1,0,0:0:0:0:
192,192,87091,1,0,0:0:0:0:
106,192,87091,1,0,0:0:0:0:
234,192,87259,1,0,0:0:0:0:
192,192,87259,1,0,0:0:0:0:
21,192,87512,1,0,0:0:0:0:
64,192,87512,1,0,0:0:0:0:
64,192,87681,1,0,0:0:0:0:
106,192,87681,1,0,0:0:0:0:
106,192,87933,1,0,0:0:0:0:
149,192,87933,1,0,0:0:0:0:
149,192,88186,1,0,0:0:0:0:
192,192,88186,1,0,0:0:0:0:
192,192,88439,1,0,0:0:0:0:
234,192,88439,1,0,0:0:0:0:
234,192,88607,1,0,0:0:0:0:
21,192,88776,1,0,0:0:0:0:
106,192,88776,1,0,0:0:0:0:
64,192,88888,1,0,0:0:0:0:
149,192,88888,1,0,0:0:0:0:
106,192,89001,1,0,0:0:0:0:
192,192,89001,1,0,0:0:0:0:
149,192,89113,1,0,0:0:0:0:
234,192,89113,1,0,0:0:0:0:
192,192,89225,1,0,0:0:0:0:
234,192,89338,1,0,0:0:0:0:
21,192,89450,1,0,0:0:0:0:
106,192,89450,1,0,0:0:0:0:
64,192,89563,1,0,0:0:0:0:
149,192,89563,1,0,0:0:0:0:
106,192,89675,1,0,0:0:0:0:
192,192,89675,1,0,0:0:0:0:
149,192,89787,1,0,0:0:0:0:
234,192,89787,1,0,0:0:0:0:
192,192,89900,1,0,0:0:0:0:
234,192,90012,1,0,0:0:0:0:
149,192,90124,1,0,0:0:0:0:
106,192,90124,1,0,0:0:0:0:
64,192,90124,1,0,0:0:0:0:
192,192,90124,1,0,0:0:0:0:
192,192,90798,1,0,0:0:0:0:
234,192,90798,1,0,0:0:0:0:
149,192,91051,1,0,0:0:0:0:
106,192,91304,1,0,0:0:0:0:
64,192,91388,1,0,0:0:0:0:
21,192,91473,1,0,0:0:0:0:
106,192,91473,1,0,0:0:0:0:
149,192,92001,1,0,0:0:0:0:
106,192,92001,1,0,0:0:0:0:
234,192,92001,1,0,0:0:0:0:
64,192,92232,1,0,0:0:0:0:
21,192,92232,1,0,0:0:0:0:
106,192,92347,1,0,0:0:0:0:
149,192,92347,1,0,0:0:0:0:
192,192,92463,1,0,0:0:0:0:
234,192,92463,1,0,0:0:0:0:
192,192,92693,1,0,0:0:0:0: 
64,192,92693,1,0,0:0:0:0:
149,192,92809,1,0,0:0:0:0:
21,192,92809,1,0,0:0:0:0:
64,192,92924,1,0,0:0:0:0:
192,192,92924,1,0,0:0:0:0:
234,192,93040,1,0,0:0:0:0:
106,192,93040,1,0,0:0:0:0:
149,192,93155,1,0,0:0:0:0:
234,192,93155,1,0,0:0:0:0:
234,192,93386,1,0,0:0:0:0:
106,192,93386,1,0,0:0:0:0:
192,192,93501,1,0,0:0:0:0:
64,192,93501,1,0,0:0:0:0:
149,192,93616,1,0,0:0:0:0:
21,192,93616,1,0,0:0:0:0:
64,192,93732,1,0,0:0:0:0:
192,192,93732,1,0,0:0:0:0:
234,192,93847,1,0,0:0:0:0:
106,192,93847,1,0,0:0:0:0:
106,192,94078,1,0,0:0:0:0:
234,192,94078,1,0,0:0:0:0:
64,192,94193,1,0,0:0:0:0:
192,192,94193,1,0,0:0:0:0:
106,192,94309,1,0,0:0:0:0:
234,192,94309,1,0,0:0:0:0:
192,192,94424,1,0,0:0:0:0:
64,192,94424,1,0,0:0:0:0:
149,192,94540,1,0,0:0:0:0:
21,192,94540,1,0,0:0:0:0:
21,192,95001,1,0,0:0:0:0:
149,192,95001,1,0,0:0:0:0:
64,192,95116,1,0,0:0:0:0:
192,192,95116,1,0,0:0:0:0:
106,192,95232,1,0,0:0:0:0:
234,192,95232,1,0,0:0:0:0:
64,192,95463,1,0,0:0:0:0:
192,192,95463,1,0,0:0:0:0:
21,192,95578,1,0,0:0:0:0:
149,192,95578,1,0,0:0:0:0:
64,192,95693,1,0,0:0:0:0:
192,192,95693,1,0,0:0:0:0:
106,192,95809,1,0,0:0:0:0:
234,192,95809,1,0,0:0:0:0:
149,192,95924,1,0,0:0:0:0:
192,192,95924,1,0,0:0:0:0:
234,192,96155,1,0,0:0:0:0:
106,192,96155,1,0,0:0:0:0:
192,192,96270,1,0,0:0:0:0:
64,192,96270,1,0,0:0:0:0:
149,192,96386,1,0,0:0:0:0:
21,192,96386,1,0,0:0:0:0:
64,192,96501,1,0,0:0:0:0:
192,192,96501,1,0,0:0:0:0:
106,192,96616,1,0,0:0:0:0:
234,192,96616,1,0,0:0:0:0:
106,192,96847,1,0,0:0:0:0:
234,192,96847,1,0,0:0:0:0:
192,192,96963,1,0,0:0:0:0:
64,192,96963,1,0,0:0:0:0:
106,192,97078,1,0,0:0:0:0:
234,192,97078,1,0,0:0:0:0:
192,192,97193,1,0,0:0:0:0:
64,192,97193,1,0,0:0:0:0:
149,192,97309,1,0,0:0:0:0:
21,192,97309,1,0,0:0:0:0:
64,192,97540,1,0,0:0:0:0:
106,192,97540,1,0,0:0:0:0:
192,192,97540,1,0,0:0:0:0:
149,192,97774,1,0,0:0:0:0:
21,192,97774,1,0,0:0:0:0:
64,192,97885,1,0,0:0:0:0:
192,192,97885,1,0,0:0:0:0:
106,192,97996,1,0,0:0:0:0:
234,192,97996,1,0,0:0:0:0:
192,192,98329,1,0,0:0:0:0:
149,192,98329,1,0,0:0:0:0:
149,192,98496,1,0,0:0:0:0:
106,192,98496,1,0,0:0:0:0:
106,192,98607,1,0,0:0:0:0:
234,192,98607,1,0,0:0:0:0:
192,192,98718,1,0,0:0:0:0:
64,192,98718,1,0,0:0:0:0:
149,192,98829,1,0,0:0:0:0:
21,192,98829,1,0,0:0:0:0:
21,192,99052,1,0,0:0:0:0:
64,192,99052,1,0,0:0:0:0:
192,192,99052,1,0,0:0:0:0:
234,192,99052,1,0,0:0:0:0:
277,192,99052,10,0,0:0:0:0:
320,192,99052,10,0,0:0:0:0:
21,192,99274,1,0,0:0:0:0:
149,192,99274,1,0,0:0:0:0:
64,192,99385,1,0,0:0:0:0:
192,192,99385,1,0,0:0:0:0:
106,192,99496,1,0,0:0:0:0:
234,192,99496,1,0,0:0:0:0:
234,192,99940,1,0,0:0:0:0:
106,192,99940,1,0,0:0:0:0:
192,192,100107,1,0,0:0:0:0:
64,192,100107,1,0,0:0:0:0:
106,192,100274,1,0,0:0:0:0:
234,192,100274,1,0,0:0:0:0:
192,192,100385,1,0,0:0:0:0:
64,192,100385,1,0,0:0:0:0:
21,192,100496,1,0,0:0:0:0:
149,192,100496,1,0,0:0:0:0:
21,192,100718,1,0,0:0:0:0:
64,192,100718,1,0,0:0:0:0:
192,192,100718,1,0,0:0:0:0:
234,192,100718,1,0,0:0:0:0:
277,192,100718,10,0,0:0:0:0:
320,192,100718,10,0,0:0:0:0:
149,192,100940,1,0,0:0:0:0:
106,192,101052,1,0,0:0:0:0:
64,192,101163,1,0,0:0:0:0:
64,192,101385,1,0,0:0:0:0:
192,192,101385,1,0,0:0:0:0:
106,192,101385,1,0,0:0:0:0:
149,192,101385,1,0,0:0:0:0:
192,192,101607,1,0,0:0:0:0:
234,192,101607,1,0,0:0:0:0:
149,192,101718,1,0,0:0:0:0:
106,192,101718,1,0,0:0:0:0:
64,192,101829,1,0,0:0:0:0:
21,192,101829,1,0,0:0:0:0:
21,192,102052,1,0,0:0:0:0:
64,192,102052,1,0,0:0:0:0:
192,192,102052,1,0,0:0:0:0:
234,192,102052,1,0,0:0:0:0:
277,192,102052,10,0,0:0:0:0:
320,192,102052,10,0,0:0:0:0:
149,192,102274,1,0,0:0:0:0:
106,192,102385,1,0,0:0:0:0:
64,192,102496,1,0,0:0:0:0:
21,192,102690,1,0,0:0:0:0:
64,192,102690,1,0,0:0:0:0:
192,192,102690,1,0,0:0:0:0:
234,192,102690,1,0,0:0:0:0:
149,192,103163,1,0,0:0:0:0:
149,192,103468,1,0,0:0:0:0:
149,192,103746,1,0,0:0:0:0:
149,192,104024,1,0,0:0:0:0:
149,192,104246,1,0,0:0:0:0:
64,192,104496,1,0,0:0:0:0:
21,192,104496,1,0,0:0:0:0:
192,192,104496,1,0,0:0:0:0:
234,192,104496,1,0,0:0:0:0:
149,192,104496,1,0,0:0:0:0:
277,192,104496,10,0,0:0:0:0:
320,192,104496,10,0,0:0:0:0:
106,192,105190,1,0,0:0:0:0:
149,192,105190,1,0,0:0:0:0:
192,192,105885,1,0,0:0:0:0:
234,192,105885,1,0,0:0:0:0:
277,192,105885,10,0,0:0:0:0:
320,192,105885,10,0,0:0:0:0: