100,192,2143,128,0,0:0:0:0:0
42,192,2143,1,0,0:0:0:0:0:
128,192,2143,1,0,0:0:0:0:0:
384,192,2143,1,0,0:0:0:0:0:
469,192,2143,1,0,0:0:0:0:0:
100,192,2143,130,0,0:0:0:0:
200,192,2143,130,0,0:0:0:0:
320,192,2342,1,2,0:0:0:0:
320,192,2545,1,2,0:0:0:0:
192,192,2815,1,2,0:0:0:0:
320,192,2950,1,2,0:0:0:0:
192,192,3085,1,2,0:0:0:0:
320,192,3220,1,4,0:0:0:0:
64,192,3422,1,2,0:0:0:0:
448,192,3625,1,2,0:0:0:0:
64,192,3760,1,0,0:0:0:0:
448,192,3895,1,2,0:0:0:0:
64,192,4030,1,0,0:0:0:0:
100,192,4300,130,0,0:0:0:0:
200,192,4300,130,0,0:0:0:0:
192,192,4300,1,4,0:0:0:0:
448,192,4300,1,0,0:0:0:0:
128,192,4300,1,0,0:0:0:0:
320,192,4502,1,2,0:0:0:0:
320,192,4705,1,2,0:0:0:0:
192,192,4975,1,2,0:0:0:0:
320,192,5110,1,2,0:0:0:0:
192,192,5245,1,2,0:0:0:0:
64,192,5380,1,4,0:0:0:0:
384,192,5380,1,0,0:0:0:0:
469,192,5380,1,0,0:0:0:0:
320,192,5582,1,2,0:0:0:0:
192,192,5785,1,2,0:0:0:0:
448,192,5920,1,4,0:0:0:0:
64,192,6055,1,2,0:0:0:0:
320,192,6190,1,2,0:0:0:0:
192,192,6325,1,2,0:0:0:0:
448,192,6460,1,4,0:0:0:0:
64,192,6460,1,0,0:0:0:0:
192,192,6662,1,2,0:0:0:0:
448,192,6865,1,2,0:0:0:0:
64,192,7135,1,2,0:0:0:0:
320,192,7270,1,2,0:0:0:0:
192,192,7405,1,2,0:0:0:0:
448,192,7540,1,4,0:0:0:0:
192,192,7742,1,2,0:0:0:0:
320,192,7945,1,2,0:0:0:0:
64,192,8080,1,0,0:0:0:0:
320,192,8215,1,2,0:0:0:0:
192,192,8350,1,0,0:0:0:0:
192,192,8620,1,4,0:0:0:0:
448,192,8620,1,0,0:0:0:0:
42,192,8620,1,0,0:0:0:0:
320,192,8822,1,2,0:0:0:0:
192,192,9025,1,2,0:0:0:0:
64,192,9160,1,4,0:0:0:0:
320,192,9160,1,0,0:0:0:0:
384,192,9160,1,0,0:0:0:0:
192,192,9295,1,2,0:0:0:0:
320,192,9430,1,2,0:0:0:0:
64,192,9565,1,2,0:0:0:0:
320,192,9700,1,4,0:0:0:0:
448,192,9700,1,0,0:0:0:0:
128,192,9700,1,0,0:0:0:0:
192,192,9970,1,4,0:0:0:0:
42,192,9970,1,0,0:0:0:0:
384,192,9970,1,0,0:0:0:0:
320,192,10240,1,6,0:0:0:0:
192,192,10240,1,0,0:0:0:0:
64,192,10510,1,6,0:0:0:0:
320,192,10510,1,0,0:0:0:0:
64,192,10780,1,4,0:0:0:0:
192,192,10780,1,0,0:0:0:0:
384,192,10780,1,0,0:0:0:0:
320,192,11050,1,8,0:0:0:0:
448,192,11050,1,0,0:0:0:0:
100,192,11050,130,0,0:0:0:0:
64,192,11320,1,0,0:0:0:0:
320,192,11320,1,0,0:0:0:0:
192,192,11590,1,8,0:0:0:0:
448,192,11590,1,0,0:0:0:0:
200,192,11590,130,0,0:0:0:0:
192,192,11860,1,0,0:0:0:0:
320,192,11860,1,0,0:0:0:0:
64,192,12130,1,8,0:0:0:0:
448,192,12130,1,0,0:0:0:0:
100,192,12130,130,0,0:0:0:0:
320,192,12400,1,0,0:0:0:0:
448,192,12400,1,0,0:0:0:0:
64,192,12670,1,8,0:0:0:0:
192,192,12670,1,0,0:0:0:0:
128,192,12805,1,0,0:0:0:0:
384,192,12805,1,0,0:0:0:0:
320,192,12940,1,4,0:0:0:0:
448,192,12940,1,0,0:0:0:0:
64,192,13210,1,8,0:0:0:0:
320,192,13210,1,0,0:0:0:0:
192,192,13480,1,0,0:0:0:0:
448,192,13480,1,0,0:0:0:0:
320,192,13750,1,8,0:0:0:0:
192,192,13750,1,0,0:0:0:0:
64,192,14020,1,0,0:0:0:0:
320,192,14020,1,0,0:0:0:0:
192,192,14290,1,12,0:0:0:0:
448,192,14290,1,0,0:0:0:0:
192,192,14560,1,12,0:0:0:0:
448,192,14560,1,0,0:0:0:0:
128,192,14560,1,0,0:0:0:0:
192,192,14762,1,12,0:0:0:0:
448,192,14762,1,0,0:0:0:0:
128,192,14762,1,0,0:0:0:0:
192,192,14965,1,12,0:0:0:0:
448,192,14965,1,0,0:0:0:0:
128,192,14965,1,0,0:0:0:0:
192,192,15100,1,4,0:0:0:0:
448,192,15100,1,0,0:0:0:0:
128,192,15100,1,0,0:0:0:0:
64,192,15370,1,8,0:0:0:0:
320,192,15370,1,0,0:0:0:0:
192,192,15640,1,0,0:0:0:0:
448,192,15640,1,0,0:0:0:0:
64,192,15910,1,12,0:0:0:0:
448,192,16045,1,4,0:0:0:0:
448,192,16315,1,4,0:0:0:0:
64,192,16450,1,12,0:0:0:0:
320,192,16585,1,0,0:0:0:0:
192,192,16720,1,4,0:0:0:0:
448,192,16855,1,4,0:0:0:0:
320,192,16990,1,12,0:0:0:0:
192,192,17125,1,0,0:0:0:0:
64,192,17260,1,4,0:0:0:0:
448,192,17260,1,0,0:0:0:0:
320,192,17530,1,8,0:0:0:0:
192,192,17530,1,0,0:0:0:0:
128,192,17665,1,0,0:0:0:0:
384,192,17665,1,0,0:0:0:0:
64,192,17800,1,4,0:0:0:0:
448,192,17800,1,0,0:0:0:0:
192,192,18070,1,8,0:0:0:0:
320,192,18070,1,0,0:0:0:0:
448,192,18340,1,12,0:0:0:0:
320,192,18340,1,0,0:0:0:0:
320,192,18610,1,12,0:0:0:0:
448,192,18610,1,0,0:0:0:0:
64,192,18880,1,12,0:0:0:0:
192,192,18947,1,0,0:0:0:0:
320,192,19015,1,0,0:0:0:0:
448,192,19082,1,0,0:0:0:0:
64,192,19150,1,12,0:0:0:0:
128,192,19217,1,0,0:0:0:0:
384,192,19285,1,0,0:0:0:0:
448,192,19352,1,0,0:0:0:0:
64,192,19420,1,4,0:0:0:0:
320,192,19420,1,0,0:0:0:0:
200,192,19690,130,0,0:0:0:0:
192,192,19690,1,8,0:0:0:0:
448,192,19690,1,0,0:0:0:0:
192,192,19960,1,0,0:0:0:0:
320,192,19960,1,0,0:0:0:0:
100,192,20230,130,0,0:0:0:0:
64,192,20230,1,8,0:0:0:0:
192,192,20230,1,0,0:0:0:0:
320,192,20500,1,0,0:0:0:0:
448,192,20500,1,0,0:0:0:0:
200,192,20770,130,0,0:0:0:0:
64,192,20770,1,8,0:0:0:0:
320,192,20770,1,0,0:0:0:0:
192,192,21040,1,0,0:0:0:0:
448,192,21040,1,0,0:0:0:0:
320,192,21310,1,8,0:0:0:0:
100,192,21310,130,0,0:0:0:0:
192,192,21310,1,0,0:0:0:0:
64,192,21580,1,4,0:0:0:0:
320,192,21580,1,0,0:0:0:0:
192,192,21850,1,8,0:0:0:0:
448,192,21850,1,0,0:0:0:0:
200,192,21850,130,0,0:0:0:0:
320,192,22120,1,0,0:0:0:0:
192,192,22120,1,0,0:0:0:0:
320,192,22390,1,8,0:0:0:0:
100,192,22390,130,0,0:0:0:0:
448,192,22390,1,0,0:0:0:0:
64,192,22660,1,0,0:0:0:0:
192,192,22660,1,0,0:0:0:0:
200,192,22930,130,0,0:0:0:0:
64,192,22930,1,12,0:0:0:0:
448,192,22930,1,0,0:0:0:0:
100,192,23200,130,0,0:0:0:0:
64,192,23200,1,12,0:0:0:0:
448,192,23200,1,0,0:0:0:0:
213,192,23200,1,0,0:0:0:0:
298,192,23200,1,0,0:0:0:0:
64,192,23402,1,12,0:0:0:0:
448,192,23402,1,0,0:0:0:0:
213,192,23402,1,0,0:0:0:0:
298,192,23402,1,0,0:0:0:0:
64,192,23605,1,12,0:0:0:0:
448,192,23605,1,0,0:0:0:0:
213,192,23605,1,0,0:0:0:0:
298,192,23605,1,0,0:0:0:0:
100,192,23740,130,0,0:0:0:0:
64,192,23740,1,4,0:0:0:0:
448,192,23740,1,0,0:0:0:0:
128,192,23740,1,0,0:0:0:0:
384,192,23740,1,0,0:0:0:0:
192,192,24010,1,8,0:0:0:0:
320,192,24010,1,0,0:0:0:0:
64,192,24280,1,0,0:0:0:0:
320,192,24280,1,0,0:0:0:0:
192,192,24550,1,12,0:0:0:0:
384,192,24550,1,0,0:0:0:0:
42,192,24550,1,0,0:0:0:0:
448,192,24685,1,4,0:0:0:0:
448,192,24955,1,4,0:0:0:0:
192,192,25090,1,12,0:0:0:0:
320,192,25225,1,0,0:0:0:0:
64,192,25360,1,4,0:0:0:0:
320,192,25495,1,4,0:0:0:0:
192,192,25630,1,12,0:0:0:0:
448,192,25765,1,0,0:0:0:0:
100,192,25900,128,0,26980:0:0:0:0:
64,192,25900,1,4,0:0:0:0:
192,192,25900,1,0,0:0:0:0:
42,192,26035,1,0,0:0:0:0:
213,192,26035,1,0,0:0:0:0:
320,192,26170,1,8,0:0:0:0:
448,192,26170,1,0,0:0:0:0:
298,192,26305,1,0,0:0:0:0:
469,192,26305,1,0,0:0:0:0:
64,192,26440,1,4,0:0:0:0:
192,192,26440,1,0,0:0:0:0:
42,192,26575,1,0,0:0:0:0:
213,192,26575,1,0,0:0:0:0:
320,192,26710,1,8,0:0:0:0:
448,192,26710,1,0,0:0:0:0:
298,192,26845,1,0,0:0:0:0:
469,192,26845,1,0,0:0:0:0:
200,192,26980,128,0,28060:0:0:0:0:
64,192,26980,1,4,0:0:0:0:
320,192,26980,1,0,0:0:0:0:
42,192,27115,1,0,0:0:0:0:
298,192,27115,1,0,0:0:0:0:
192,192,27250,1,12,0:0:0:0:
448,192,27250,1,0,0:0:0:0:
213,192,27385,1,0,0:0:0:0:
469,192,27385,1,0,0:0:0:0:
64,192,27520,1,4,0:0:0:0:
320,192,27520,1,0,0:0:0:0:
128,192,27520,1,0,0:0:0:0:
384,192,27520,1,0,0:0:0:0:
128,192,27655,1,0,0:0:0:0:
384,192,27655,1,0,0:0:0:0:
42,192,27655,1,0,0:0:0:0:
298,192,27655,1,0,0:0:0:0:
192,192,27790,1,12,0:0:0:0:
448,192,27790,1,0,0:0:0:0:
128,192,27790,1,0,0:0:0:0:
384,192,27790,1,0,0:0:0:0:
213,192,27925,1,0,0:0:0:0:
469,192,27925,1,0,0:0:0:0:
128,192,27925,1,0,0:0:0:0:
384,192,27925,1,0,0:0:0:0:
64,192,28060,1,4,0:0:0:0:
384,192,28060,1,0,0:0:0:0:
64,192,28262,1,0,0:0:0:0:
384,192,28262,1,0,0:0:0:0:
64,192,28465,1,0,0:0:0:0:
384,192,28465,1,0,0:0:0:0:
192,192,28667,1,0,0:0:0:0:
128,192,28667,1,0,0:0:0:0:
298,192,28667,1,0,0:0:0:0:
192,192,28870,1,0,0:0:0:0:
128,192,28870,1,0,0:0:0:0:
192,192,29005,1,0,0:0:0:0:
128,192,29005,1,0,0:0:0:0:
320,192,29140,1,0,0:0:0:0:
213,192,29140,1,0,0:0:0:0:
320,192,29342,1,0,0:0:0:0:
213,192,29342,1,0,0:0:0:0:
320,192,29545,1,0,0:0:0:0:
213,192,29545,1,0,0:0:0:0:
448,192,29747,1,0,0:0:0:0:
384,192,29747,1,0,0:0:0:0:
448,192,29950,1,0,0:0:0:0:
384,192,29950,1,0,0:0:0:0:
448,192,30085,1,0,0:0:0:0:
384,192,30085,1,0,0:0:0:0:
192,192,30220,1,0,0:0:0:0:
384,192,30220,1,0,0:0:0:0:
192,192,30422,1,0,0:0:0:0:
384,192,30422,1,0,0:0:0:0:
192,192,30625,1,0,0:0:0:0:
384,192,30625,1,0,0:0:0:0:
448,192,30827,1,0,0:0:0:0:
128,192,30827,1,0,0:0:0:0:
448,192,31030,1,0,0:0:0:0:
128,192,31030,1,0,0:0:0:0:
448,192,31165,1,0,0:0:0:0:
128,192,31165,1,0,0:0:0:0:
320,192,31300,1,0,0:0:0:0:
42,192,31300,1,0,0:0:0:0:
320,192,31502,1,0,0:0:0:0:
42,192,31502,1,0,0:0:0:0:
320,192,31705,1,0,0:0:0:0:
128,192,31705,1,0,0:0:0:0:
42,192,31840,1,0,0:0:0:0:
213,192,31840,1,0,0:0:0:0:
298,192,31975,1,0,0:0:0:0:
128,192,31975,1,0,0:0:0:0:
213,192,32110,1,0,0:0:0:0:
384,192,32110,1,0,0:0:0:0:
298,192,32245,1,0,0:0:0:0:
469,192,32245,1,0,0:0:0:0:
320,192,32380,1,0,0:0:0:0:
42,192,32380,1,0,0:0:0:0:
384,192,32380,1,0,0:0:0:0:
64,192,32582,1,0,0:0:0:0:
448,192,32785,1,0,0:0:0:0:
192,192,32920,1,0,0:0:0:0:
128,192,32920,1,0,0:0:0:0:
320,192,33055,1,0,0:0:0:0:
384,192,33055,1,0,0:0:0:0:
192,192,33190,1,0,0:0:0:0:
128,192,33190,1,0,0:0:0:0:
320,192,33325,1,0,0:0:0:0:
384,192,33325,1,0,0:0:0:0:
384,192,33460,1,0,0:0:0:0:
469,192,33460,1,0,0:0:0:0:
384,192,33595,1,0,0:0:0:0:
469,192,33595,1,0,0:0:0:0:
298,192,33730,1,0,0:0:0:0:
384,192,33730,1,0,0:0:0:0:
298,192,33865,1,0,0:0:0:0:
384,192,33865,1,0,0:0:0:0:
213,192,34000,1,0,0:0:0:0:
298,192,34000,1,0,0:0:0:0:
213,192,34135,1,0,0:0:0:0:
298,192,34135,1,0,0:0:0:0:
192,192,34270,1,0,0:0:0:0:
128,192,34270,1,0,0:0:0:0:
128,192,34405,1,0,0:0:0:0:
213,192,34405,1,0,0:0:0:0:
192,192,34540,1,0,0:0:0:0:
384,192,34540,1,0,0:0:0:0:
213,192,34675,1,0,0:0:0:0:
384,192,34675,1,0,0:0:0:0:
320,192,34810,1,0,0:0:0:0:
128,192,34810,1,0,0:0:0:0:
128,192,34945,1,0,0:0:0:0:
298,192,34945,1,0,0:0:0:0:
64,192,35080,1,0,0:0:0:0:
213,192,35080,1,0,0:0:0:0:
42,192,35215,1,0,0:0:0:0:
213,192,35215,1,0,0:0:0:0:
213,192,35350,1,0,0:0:0:0:
384,192,35350,1,0,0:0:0:0:
213,192,35485,1,0,0:0:0:0:
384,192,35485,1,0,0:0:0:0:
298,192,35620,1,0,0:0:0:0:
128,192,35620,1,0,0:0:0:0:
42,192,35822,1,0,0:0:0:0:
213,192,35822,1,0,0:0:0:0:
298,192,35822,1,0,0:0:0:0:
192,192,36025,1,0,0:0:0:0:
42,192,36025,1,0,0:0:0:0:
298,192,36025,1,0,0:0:0:0:
128,192,36227,1,0,0:0:0:0:
42,192,36227,1,0,0:0:0:0:
42,192,36430,1,0,0:0:0:0:
128,192,36430,1,0,0:0:0:0:
298,192,36430,1,0,0:0:0:0:
448,192,36565,1,0,0:0:0:0:
100,192,36700,130,0,0:0:0:0:
200,192,36700,130,0,0:0:0:0:
64,192,36700,1,4,0:0:0:0:
320,192,36700,1,0,0:0:0:0:
213,192,36700,1,0,0:0:0:0:
469,192,36700,1,0,0:0:0:0:
42,192,36835,1,0,0:0:0:0:
213,192,36835,1,0,0:0:0:0:
192,192,36970,1,0,0:0:0:0:
128,192,36970,1,0,0:0:0:0:
128,192,37105,1,0,0:0:0:0:
213,192,37105,1,0,0:0:0:0:
320,192,37240,1,0,0:0:0:0:
213,192,37240,1,0,0:0:0:0:
213,192,37375,1,0,0:0:0:0:
298,192,37375,1,0,0:0:0:0:
448,192,37510,1,0,0:0:0:0:
298,192,37510,1,0,0:0:0:0:
298,192,37645,1,0,0:0:0:0:
469,192,37645,1,0,0:0:0:0:
320,192,37780,1,0,0:0:0:0:
384,192,37780,1,0,0:0:0:0:
448,192,37870,1,0,0:0:0:0:
320,192,37960,1,0,0:0:0:0:
192,192,38050,1,0,0:0:0:0:
128,192,38050,1,0,0:0:0:0:
213,192,38185,1,0,0:0:0:0:
128,192,38185,1,0,0:0:0:0:
64,192,38320,1,0,0:0:0:0:
298,192,38320,1,0,0:0:0:0:
64,192,38522,1,0,0:0:0:0:
128,192,38590,1,0,0:0:0:0:
192,192,38725,1,0,0:0:0:0:
100,192,38860,130,0,0:0:0:0:
200,192,38860,130,0,0:0:0:0:
320,192,38860,1,4,0:0:0:0:
42,192,38860,1,0,0:0:0:0:
128,192,38860,1,0,0:0:0:0:
320,192,39130,1,0,0:0:0:0:
128,192,39130,1,0,0:0:0:0:
42,192,39130,1,0,0:0:0:0:
128,192,39400,1,0,0:0:0:0:
298,192,39400,1,0,0:0:0:0:
384,192,39400,1,0,0:0:0:0:
448,192,39670,1,0,0:0:0:0:
213,192,39670,1,0,0:0:0:0:
298,192,39670,1,0,0:0:0:0:
320,192,39940,1,0,0:0:0:0:
128,192,39940,1,0,0:0:0:0:
384,192,39940,1,0,0:0:0:0:
320,192,40210,1,0,0:0:0:0:
42,192,40210,1,0,0:0:0:0:
128,192,40210,1,0,0:0:0:0:
192,192,40480,1,0,0:0:0:0:
128,192,40480,1,0,0:0:0:0:
42,192,40480,1,0,0:0:0:0:
320,192,40750,1,0,0:0:0:0:
128,192,40750,1,0,0:0:0:0:
384,192,40750,1,0,0:0:0:0:
100,192,41020,130,0,0:0:0:0:
320,192,41020,1,4,0:0:0:0:
448,192,41020,1,0,0:0:0:0:
213,192,41020,1,0,0:0:0:0:
42,192,41020,1,0,0:0:0:0:
320,192,41965,1,0,0:0:0:0:
213,192,41965,1,0,0:0:0:0:
200,192,42100,130,0,0:0:0:0:
100,192,42100,130,0,0:0:0:0:
64,192,42100,1,4,0:0:0:0:
448,192,42100,1,0,0:0:0:0:
128,192,42100,1,0,0:0:0:0:
384,192,42100,1,0,0:0:0:0:
64,192,42640,1,4,0:0:0:0:
448,192,42640,1,0,0:0:0:0:
213,192,42640,1,0,0:0:0:0:
298,192,42640,1,0,0:0:0:0:
200,192,43180,130,0,0:0:0:0:
100,192,43180,130,0,0:0:0:0:
64,192,43180,1,4,0:0:0:0:
448,192,43180,1,0,0:0:0:0:
213,192,43180,1,0,0:0:0:0:
298,192,43180,1,0,0:0:0:0:
64,192,43720,1,4,0:0:0:0:
448,192,43720,1,0,0:0:0:0:
213,192,43720,1,0,0:0:0:0:
298,192,43720,1,0,0:0:0:0:
192,192,43990,1,4,0:0:0:0:
320,192,43990,1,0,0:0:0:0:
200,192,44260,130,0,0:0:0:0:
64,192,44260,1,4,0:0:0:0:
320,192,44260,1,0,0:0:0:0:
469,192,44260,1,0,0:0:0:0:
100,192,44530,130,0,0:0:0:0:
192,192,44530,1,4,0:0:0:0:
448,192,44530,1,0,0:0:0:0:
128,192,44530,1,0,0:0:0:0:
200,192,44800,130,0,0:0:0:0:
320,192,44800,1,4,0:0:0:0:
448,192,44800,1,0,0:0:0:0:
42,192,44800,1,0,0:0:0:0:
100,192,45070,130,0,0:0:0:0:
192,192,45070,1,4,0:0:0:0:
64,192,45070,1,0,0:0:0:0:
128,192,45070,1,0,0:0:0:0:
320,192,45205,1,0,0:0:0:0:
192,192,45340,1,4,0:0:0:0:
448,192,45340,1,0,0:0:0:0:
42,192,45340,1,0,0:0:0:0:
320,192,45475,1,0,0:0:0:0:
128,192,45475,1,0,0:0:0:0:
469,192,45475,1,0,0:0:0:0:
192,192,45610,1,0,0:0:0:0:
42,192,45610,1,0,0:0:0:0:
469,192,45610,1,0,0:0:0:0:
128,192,45745,1,0,0:0:0:0:
298,192,45745,1,0,0:0:0:0:
469,192,45745,1,0,0:0:0:0:
320,192,45880,1,4,0:0:0:0:
448,192,45880,1,0,0:0:0:0:
42,192,45880,1,0,0:0:0:0:
192,192,46015,1,0,0:0:0:0:
42,192,46015,1,0,0:0:0:0:
384,192,46015,1,0,0:0:0:0:
320,192,46150,1,0,0:0:0:0:
469,192,46150,1,0,0:0:0:0:
128,192,46150,1,0,0:0:0:0:
64,192,46285,1,0,0:0:0:0:
448,192,46420,1,4,0:0:0:0:
384,192,46420,1,0,0:0:0:0:
320,192,46487,1,0,0:0:0:0:
192,192,46555,1,0,0:0:0:0:
64,192,46622,1,0,0:0:0:0:
128,192,46622,1,0,0:0:0:0:
448,192,46690,1,4,0:0:0:0:
384,192,46690,1,0,0:0:0:0:
320,192,46757,1,0,0:0:0:0:
192,192,46825,1,0,0:0:0:0:
64,192,46892,1,0,0:0:0:0:
128,192,46892,1,0,0:0:0:0:
448,192,46960,1,4,0:0:0:0:
384,192,46960,1,0,0:0:0:0:
320,192,47027,1,0,0:0:0:0:
192,192,47095,1,0,0:0:0:0:
64,192,47162,1,0,0:0:0:0:
128,192,47162,1,0,0:0:0:0:
448,192,47230,1,4,0:0:0:0:
384,192,47230,1,0,0:0:0:0:
320,192,47297,1,0,0:0:0:0:
192,192,47365,1,0,0:0:0:0:
64,192,47432,1,0,0:0:0:0:
128,192,47432,1,0,0:0:0:0:
192,192,47500,1,4,0:0:0:0:
298,192,47500,1,0,0:0:0:0:
64,192,47770,1,8,0:0:0:0:
213,192,47770,1,0,0:0:0:0:
192,192,48040,1,0,0:0:0:0:
448,192,48040,1,0,0:0:0:0:
320,192,48310,1,8,0:0:0:0:
192,192,48310,1,0,0:0:0:0:
64,192,48580,1,0,0:0:0:0:
192,192,48580,1,0,0:0:0:0:
469,192,48580,1,0,0:0:0:0:
448,192,48850,1,8,0:0:0:0:
320,192,48850,1,0,0:0:0:0:
128,192,48850,1,0,0:0:0:0:
64,192,49120,1,0,0:0:0:0:
320,192,49120,1,0,0:0:0:0:
384,192,49120,1,0,0:0:0:0:
448,192,49255,1,0,0:0:0:0:
192,192,49390,1,8,0:0:0:0:
320,192,49390,1,0,0:0:0:0:
128,192,49390,1,0,0:0:0:0:
320,192,49660,1,0,0:0:0:0:
448,192,49660,1,0,0:0:0:0:
213,192,49660,1,0,0:0:0:0:
64,192,49930,1,8,0:0:0:0:
320,192,49930,1,0,0:0:0:0:
128,192,49930,1,0,0:0:0:0:
320,192,50200,1,0,0:0:0:0:
448,192,50200,1,0,0:0:0:0:
128,192,50200,1,0,0:0:0:0:
192,192,50335,1,0,0:0:0:0:
320,192,50470,1,8,0:0:0:0:
469,192,50470,1,0,0:0:0:0:
128,192,50470,1,0,0:0:0:0:
192,192,50740,1,0,0:0:0:0:
320,192,50740,1,0,0:0:0:0:
469,192,50740,1,0,0:0:0:0:
448,192,51010,1,8,0:0:0:0:
192,192,51010,1,0,0:0:0:0:
384,192,51010,1,0,0:0:0:0:
64,192,51280,1,0,0:0:0:0:
320,192,51280,1,0,0:0:0:0:
384,192,51280,1,0,0:0:0:0:
192,192,51415,1,0,0:0:0:0:
192,192,51550,1,8,0:0:0:0:
448,192,51550,1,0,0:0:0:0:
42,192,51550,1,0,0:0:0:0:
320,192,51685,1,0,0:0:0:0:
64,192,51820,1,0,0:0:0:0:
320,192,51820,1,0,0:0:0:0:
128,192,51820,1,0,0:0:0:0:
320,192,52090,1,8,0:0:0:0:
448,192,52090,1,0,0:0:0:0:
42,192,52090,1,0,0:0:0:0:
64,192,52360,1,0,0:0:0:0:
469,192,52360,1,0,0:0:0:0:
384,192,52360,1,0,0:0:0:0:
192,192,52630,1,8,0:0:0:0:
320,192,52630,1,0,0:0:0:0:
128,192,52630,1,0,0:0:0:0:
192,192,52900,1,0,0:0:0:0:
448,192,52900,1,0,0:0:0:0:
42,192,52900,1,0,0:0:0:0:
64,192,53170,1,8,0:0:0:0:
448,192,53170,1,0,0:0:0:0:
384,192,53170,1,0,0:0:0:0:
192,192,53440,1,0,0:0:0:0:
320,192,53440,1,0,0:0:0:0:
384,192,53440,1,0,0:0:0:0:
64,192,53710,1,8,0:0:0:0:
192,192,53710,1,0,0:0:0:0:
128,192,53710,1,0,0:0:0:0:
320,192,53980,1,0,0:0:0:0:
448,192,53980,1,0,0:0:0:0:
128,192,53980,1,0,0:0:0:0:
192,192,54115,1,0,0:0:0:0:
42,192,54115,1,0,0:0:0:0:
320,192,54250,1,8,0:0:0:0:
469,192,54250,1,0,0:0:0:0:
192,192,54385,1,0,0:0:0:0:
64,192,54520,1,0,0:0:0:0:
320,192,54520,1,0,0:0:0:0:
469,192,54520,1,0,0:0:0:0:
448,192,54655,1,0,0:0:0:0:
320,192,54790,1,8,0:0:0:0:
192,192,54925,1,0,0:0:0:0:
200,192,55060,130,0,0:0:0:0:
320,192,55060,1,0,0:0:0:0:
448,192,55060,1,0,0:0:0:0:
64,192,55195,1,0,0:0:0:0:
100,192,55330,130,0,0:0:0:0:
192,192,55330,1,12,0:0:0:0:
64,192,55465,1,0,0:0:0:0:
200,192,55600,130,0,0:0:0:0:
192,192,55600,1,12,0:0:0:0:
448,192,55600,1,0,0:0:0:0:
320,192,55735,1,0,0:0:0:0:
100,192,55870,130,0,0:0:0:0:
192,192,55870,1,12,0:0:0:0:
64,192,56005,1,0,0:0:0:0:
100,192,56140,130,0,0:0:0:0:
200,192,56140,130,0,0:0:0:0:
192,192,56140,1,4,0:0:0:0:
298,192,56140,1,0,0:0:0:0:
128,192,56140,1,0,0:0:0:0:
192,192,56410,1,8,0:0:0:0:
128,192,56410,1,0,0:0:0:0:
298,192,56410,1,0,0:0:0:0:
192,192,56680,1,0,0:0:0:0:
448,192,56680,1,0,0:0:0:0:
384,192,56680,1,0,0:0:0:0:
320,192,56950,1,8,0:0:0:0:
64,192,56950,1,0,0:0:0:0:
128,192,56950,1,0,0:0:0:0:
192,192,57220,1,0,0:0:0:0:
320,192,57220,1,0,0:0:0:0:
128,192,57220,1,0,0:0:0:0:
192,192,57490,1,8,0:0:0:0:
448,192,57490,1,0,0:0:0:0:
42,192,57490,1,0,0:0:0:0:
64,192,57760,1,0,0:0:0:0:
320,192,57760,1,0,0:0:0:0:
384,192,57760,1,0,0:0:0:0:
448,192,57895,1,0,0:0:0:0:
320,192,58030,1,8,0:0:0:0:
192,192,58030,1,0,0:0:0:0:
42,192,58030,1,0,0:0:0:0:
128,192,58165,1,0,0:0:0:0:
320,192,58300,1,0,0:0:0:0:
64,192,58300,1,0,0:0:0:0:
469,192,58300,1,0,0:0:0:0:
64,192,58570,1,8,0:0:0:0:
448,192,58570,1,0,0:0:0:0:
213,192,58570,1,0,0:0:0:0:
192,192,58840,1,0,0:0:0:0:
448,192,58840,1,0,0:0:0:0:
384,192,58840,1,0,0:0:0:0:
298,192,58975,1,0,0:0:0:0:
192,192,59110,1,8,0:0:0:0:
384,192,59110,1,0,0:0:0:0:
469,192,59110,1,0,0:0:0:0:
448,192,59380,1,0,0:0:0:0:
320,192,59380,1,0,0:0:0:0:
213,192,59380,1,0,0:0:0:0:
320,192,59650,1,0,0:0:0:0:
384,192,59650,1,0,0:0:0:0:
128,192,59650,1,0,0:0:0:0:
192,192,59920,1,0,0:0:0:0:
448,192,59920,1,0,0:0:0:0:
42,192,59920,1,0,0:0:0:0:
64,192,60055,1,0,0:0:0:0:
320,192,60190,1,8,0:0:0:0:
448,192,60190,1,0,0:0:0:0:
128,192,60190,1,0,0:0:0:0:
64,192,60460,1,0,0:0:0:0:
320,192,60460,1,0,0:0:0:0:
128,192,60460,1,0,0:0:0:0:
192,192,60730,1,8,0:0:0:0:
448,192,60730,1,0,0:0:0:0:
128,192,60730,1,0,0:0:0:0:
320,192,61000,1,0,0:0:0:0:
192,192,61000,1,0,0:0:0:0:
384,192,61000,1,0,0:0:0:0:
128,192,61270,1,0,0:0:0:0:
192,192,61270,1,8,0:0:0:0:
384,192,61270,1,0,0:0:0:0:
64,192,61540,1,0,0:0:0:0:
192,192,61540,1,0,0:0:0:0:
469,192,61540,1,0,0:0:0:0:
320,192,61810,1,8,0:0:0:0:
448,192,61810,1,0,0:0:0:0:
213,192,61810,1,0,0:0:0:0:
320,192,62080,1,0,0:0:0:0:
192,192,62080,1,0,0:0:0:0:
42,192,62080,1,0,0:0:0:0:
64,192,62350,1,8,0:0:0:0:
192,192,62350,1,0,0:0:0:0:
128,192,62350,1,0,0:0:0:0:
100,192,62620,128,0,63700:0:0:0:0:
448,192,62620,1,0,0:0:0:0:
128,192,62620,1,0,0:0:0:0:
42,192,62620,1,0,0:0:0:0:
320,192,62755,1,0,0:0:0:0:
213,192,62755,1,0,0:0:0:0:
384,192,62890,1,0,0:0:0:0:
469,192,62890,1,0,0:0:0:0:
448,192,62890,1,8,0:0:0:0:
42,192,63025,1,0,0:0:0:0:
128,192,63025,1,0,0:0:0:0:
320,192,63160,1,0,0:0:0:0:
469,192,63160,1,0,0:0:0:0:
64,192,63295,1,0,0:0:0:0:
213,192,63295,1,0,0:0:0:0:
298,192,63430,1,0,0:0:0:0:
384,192,63430,1,0,0:0:0:0:
469,192,63565,1,0,0:0:0:0:
128,192,63565,1,0,0:0:0:0:
200,192,63700,128,0,64780:0:0:0:0:
64,192,63700,1,8,0:0:0:0:
213,192,63700,1,0,0:0:0:0:
320,192,63835,1,0,0:0:0:0:
469,192,63835,1,0,0:0:0:0:
64,192,63970,1,12,0:0:0:0:
213,192,63970,1,0,0:0:0:0:
320,192,64105,1,0,0:0:0:0:
469,192,64105,1,0,0:0:0:0:
192,192,64240,1,0,0:0:0:0:
128,192,64240,1,0,0:0:0:0:
384,192,64375,1,0,0:0:0:0:
298,192,64375,1,0,0:0:0:0:
192,192,64510,1,0,0:0:0:0:
128,192,64510,1,0,0:0:0:0:
298,192,64645,1,0,0:0:0:0:
384,192,64645,1,0,0:0:0:0:
64,192,64780,1,6,0:0:0:0:
320,192,64780,1,0,0:0:0:0:
298,192,64780,1,0,0:0:0:0:
469,192,64780,1,0,0:0:0:0:
213,192,64983,1,0,0:0:0:0:
128,192,64983,1,0,0:0:0:0:
384,192,64983,1,0,0:0:0:0:
320,192,65050,1,8,0:0:0:0:
42,192,65050,1,0,0:0:0:0:
448,192,65185,1,2,0:0:0:0:
213,192,65185,1,0,0:0:0:0:
320,192,65320,1,0,0:0:0:0:
64,192,65320,1,0,0:0:0:0:
128,192,65320,1,0,0:0:0:0:
384,192,65388,1,0,0:0:0:0:
469,192,65388,1,0,0:0:0:0:
192,192,65590,1,10,0:0:0:0:
128,192,65590,1,0,0:0:0:0:
320,192,65725,1,2,0:0:0:0:
384,192,65725,1,0,0:0:0:0:
64,192,65860,1,2,0:0:0:0:
192,192,65860,1,0,0:0:0:0:
128,192,65860,1,0,0:0:0:0:
469,192,65860,1,0,0:0:0:0:
298,192,66063,1,0,0:0:0:0:
384,192,66063,1,0,0:0:0:0:
192,192,66130,1,8,0:0:0:0:
128,192,66130,1,0,0:0:0:0:
469,192,66130,1,0,0:0:0:0:
320,192,66265,1,2,0:0:0:0:
192,192,66400,1,0,0:0:0:0:
64,192,66400,1,0,0:0:0:0:
384,192,66400,1,0,0:0:0:0:
448,192,66535,1,0,0:0:0:0:
320,192,66670,1,10,0:0:0:0:
128,192,66670,1,0,0:0:0:0:
384,192,66670,1,0,0:0:0:0:
192,192,66805,1,2,0:0:0:0:
64,192,66940,1,2,0:0:0:0:
320,192,66940,1,0,0:0:0:0:
448,192,67075,1,0,0:0:0:0:
128,192,67143,1,0,0:0:0:0:
298,192,67143,1,0,0:0:0:0:
192,192,67210,1,8,0:0:0:0:
384,192,67210,1,0,0:0:0:0:
320,192,67345,1,2,0:0:0:0:
64,192,67480,1,0,0:0:0:0:
192,192,67480,1,0,0:0:0:0:
298,192,67548,1,0,0:0:0:0:
469,192,67548,1,0,0:0:0:0:
448,192,67750,1,10,0:0:0:0:
298,192,67885,1,0,0:0:0:0:
469,192,67885,1,0,0:0:0:0:
64,192,68020,1,2,0:0:0:0:
192,192,68020,1,0,0:0:0:0:
320,192,68155,1,2,0:0:0:0:
192,192,68290,1,8,0:0:0:0:
448,192,68290,1,0,0:0:0:0:
320,192,68425,1,2,0:0:0:0:
192,192,68560,1,0,0:0:0:0:
448,192,68560,1,0,0:0:0:0:
42,192,68560,1,0,0:0:0:0:
320,192,68695,1,2,0:0:0:0:
384,192,68695,1,0,0:0:0:0:
192,192,68830,1,8,0:0:0:0:
448,192,68830,1,0,0:0:0:0:
42,192,68830,1,0,0:0:0:0:
320,192,68965,1,2,0:0:0:0:
384,192,68965,1,0,0:0:0:0:
192,192,69100,1,2,0:0:0:0:
448,192,69100,1,0,0:0:0:0:
128,192,69100,1,0,0:0:0:0:
64,192,69235,1,0,0:0:0:0:
320,192,69370,1,8,0:0:0:0:
192,192,69505,1,2,0:0:0:0:
448,192,69640,1,2,0:0:0:0:
320,192,69640,1,0,0:0:0:0:
64,192,69775,1,0,0:0:0:0:
192,192,69775,1,0,0:0:0:0:
320,192,69910,1,10,0:0:0:0:
448,192,69910,1,0,0:0:0:0:
64,192,70045,1,0,0:0:0:0:
192,192,70045,1,0,0:0:0:0:
320,192,70180,1,2,0:0:0:0:
448,192,70180,1,0,0:0:0:0:
384,192,70180,1,0,0:0:0:0:
192,192,70315,1,0,0:0:0:0:
64,192,70315,1,0,0:0:0:0:
320,192,70450,1,10,0:0:0:0:
448,192,70450,1,0,0:0:0:0:
213,192,70450,1,0,0:0:0:0:
192,192,70585,1,0,0:0:0:0:
64,192,70585,1,0,0:0:0:0:
320,192,70720,1,2,0:0:0:0:
448,192,70720,1,0,0:0:0:0:
128,192,70720,1,0,0:0:0:0:
192,192,70855,1,0,0:0:0:0:
42,192,70855,1,0,0:0:0:0:
320,192,70990,1,10,0:0:0:0:
448,192,70990,1,0,0:0:0:0:
42,192,70990,1,0,0:0:0:0:
192,192,71125,1,0,0:0:0:0:
64,192,71125,1,0,0:0:0:0:
448,192,71260,1,2,0:0:0:0:
320,192,71328,1,0,0:0:0:0:
192,192,71395,1,0,0:0:0:0:
64,192,71463,1,0,0:0:0:0:
448,192,71530,1,10,0:0:0:0:
320,192,71598,1,0,0:0:0:0:
192,192,71665,1,0,0:0:0:0:
64,192,71733,1,0,0:0:0:0:
448,192,71800,1,2,0:0:0:0:
320,192,71868,1,0,0:0:0:0:
192,192,71935,1,0,0:0:0:0:
64,192,72003,1,0,0:0:0:0:
448,192,72070,1,10,0:0:0:0:
320,192,72138,1,0,0:0:0:0:
192,192,72205,1,0,0:0:0:0:
64,192,72273,1,2,0:0:0:0:
192,192,72340,1,2,0:0:0:0:
448,192,72340,1,0,0:0:0:0:
320,192,72475,1,0,0:0:0:0:
200,192,72610,130,0,0:0:0:0:
64,192,72610,1,12,0:0:0:0:
192,192,72610,1,0,0:0:0:0:
448,192,72745,1,2,0:0:0:0:
200,192,72880,130,0,0:0:0:0:
320,192,72880,1,12,0:0:0:0:
192,192,72880,1,0,0:0:0:0:
64,192,73015,1,0,0:0:0:0:
200,192,73150,130,0,0:0:0:0:
448,192,73150,1,14,0:0:0:0:
320,192,73150,1,0,0:0:0:0:
192,192,73285,1,0,0:0:0:0:
100,192,73420,130,0,0:0:0:0:
200,192,73420,130,0,0:0:0:0:
64,192,73420,1,6,0:0:0:0:
320,192,73420,1,0,0:0:0:0:
128,192,73420,1,0,0:0:0:0:
42,192,73555,1,0,0:0:0:0:
128,192,73555,1,0,0:0:0:0:
298,192,73555,1,0,0:0:0:0:
320,192,73690,1,10,0:0:0:0:
213,192,73690,1,0,0:0:0:0:
469,192,73690,1,0,0:0:0:0:
448,192,73825,1,0,0:0:0:0:
213,192,73825,1,0,0:0:0:0:
298,192,73825,1,0,0:0:0:0:
320,192,73960,1,2,0:0:0:0:
128,192,73960,1,0,0:0:0:0:
298,192,74095,1,0,0:0:0:0:
128,192,74095,1,0,0:0:0:0:
469,192,74230,1,0,0:0:0:0:
213,192,74230,1,0,0:0:0:0:
213,192,74365,1,0,0:0:0:0:
469,192,74365,1,0,0:0:0:0:
320,192,74500,1,2,0:0:0:0:
384,192,74500,1,0,0:0:0:0:
192,192,74590,1,2,0:0:0:0:
128,192,74590,1,0,0:0:0:0:
320,192,74680,1,2,0:0:0:0:
384,192,74680,1,0,0:0:0:0:
448,192,74770,1,10,0:0:0:0:
192,192,74905,1,0,0:0:0:0:
64,192,75040,1,2,0:0:0:0:
320,192,75040,1,0,0:0:0:0:
469,192,75243,1,0,0:0:0:0:
320,192,75310,1,8,0:0:0:0:
192,192,75445,1,2,0:0:0:0:
64,192,75580,1,2,0:0:0:0:
448,192,75580,1,0,0:0:0:0:
128,192,75580,1,0,0:0:0:0:
128,192,75715,1,0,0:0:0:0:
42,192,75715,1,0,0:0:0:0:
320,192,75850,1,10,0:0:0:0:
128,192,75850,1,0,0:0:0:0:
128,192,75985,1,0,0:0:0:0:
298,192,75985,1,0,0:0:0:0:
192,192,76120,1,0,0:0:0:0:
384,192,76120,1,0,0:0:0:0:
213,192,76255,1,0,0:0:0:0:
384,192,76255,1,0,0:0:0:0:
320,192,76390,1,10,0:0:0:0:
469,192,76390,1,0,0:0:0:0:
298,192,76525,1,0,0:0:0:0:
469,192,76525,1,0,0:0:0:0:
213,192,76660,1,0,0:0:0:0:
384,192,76660,1,0,0:0:0:0:
192,192,76795,1,0,0:0:0:0:
384,192,76795,1,0,0:0:0:0:
320,192,76930,1,10,0:0:0:0:
128,192,76930,1,0,0:0:0:0:
128,192,77065,1,0,0:0:0:0:
298,192,77065,1,0,0:0:0:0:
192,192,77200,1,2,0:0:0:0:
448,192,77200,1,0,0:0:0:0:
42,192,77200,1,0,0:0:0:0:
42,192,77335,1,0,0:0:0:0:
213,192,77335,1,0,0:0:0:0:
469,192,77335,1,0,0:0:0:0:
448,192,77470,1,10,0:0:0:0:
384,192,77470,1,0,0:0:0:0:
192,192,77605,1,0,0:0:0:0:
384,192,77605,1,0,0:0:0:0:
469,192,77605,1,0,0:0:0:0:
320,192,77740,1,2,0:0:0:0:
448,192,77740,1,0,0:0:0:0:
128,192,77740,1,0,0:0:0:0:
213,192,77943,1,0,0:0:0:0:
320,192,78010,1,8,0:0:0:0:
469,192,78010,1,0,0:0:0:0:
64,192,78145,1,2,0:0:0:0:
192,192,78280,1,2,0:0:0:0:
448,192,78280,1,0,0:0:0:0:
298,192,78348,1,0,0:0:0:0:
448,192,78550,1,8,0:0:0:0:
128,192,78550,1,0,0:0:0:0:
64,192,78685,1,2,0:0:0:0:
192,192,78820,1,2,0:0:0:0:
320,192,78820,1,0,0:0:0:0:
469,192,78820,1,0,0:0:0:0:
42,192,78820,1,0,0:0:0:0:
448,192,78955,1,0,0:0:0:0:
320,192,79090,1,10,0:0:0:0:
64,192,79225,1,0,0:0:0:0:
192,192,79360,1,2,0:0:0:0:
448,192,79360,1,0,0:0:0:0:
128,192,79360,1,0,0:0:0:0:
384,192,79495,1,0,0:0:0:0:
192,192,79630,1,8,0:0:0:0:
384,192,79630,1,0,0:0:0:0:
298,192,79630,1,0,0:0:0:0:
448,192,79765,1,2,0:0:0:0:
192,192,79900,1,2,0:0:0:0:
320,192,79900,1,0,0:0:0:0:
42,192,79900,1,0,0:0:0:0:
469,192,79900,1,0,0:0:0:0:
64,192,80170,1,8,0:0:0:0:
320,192,80170,1,0,0:0:0:0:
192,192,80440,1,2,0:0:0:0:
448,192,80440,1,0,0:0:0:0:
320,192,80710,1,10,0:0:0:0:
448,192,80710,1,0,0:0:0:0:
200,192,80980,130,0,0:0:0:0:
192,192,80980,1,14,0:0:0:0:
469,192,80980,1,0,0:0:0:0:
213,192,81115,1,0,0:0:0:0:
469,192,81115,1,0,0:0:0:0:
320,192,81250,1,0,0:0:0:0:
200,192,81250,130,0,0:0:0:0:
128,192,81250,1,0,0:0:0:0:
298,192,81385,1,0,0:0:0:0:
128,192,81385,1,0,0:0:0:0:
320,192,81520,1,14,0:0:0:0:
100,192,81520,130,0,0:0:0:0:
448,192,81520,1,0,0:0:0:0:
42,192,81520,1,0,0:0:0:0:
42,192,81655,1,0,0:0:0:0:
298,192,81655,1,0,0:0:0:0:
469,192,81655,1,0,0:0:0:0:
100,192,81790,130,0,0:0:0:0:
192,192,81790,1,14,0:0:0:0:
384,192,81790,1,0,0:0:0:0:
128,192,81790,1,0,0:0:0:0:
128,192,81925,1,0,0:0:0:0:
213,192,81925,1,0,0:0:0:0:
384,192,81925,1,0,0:0:0:0:
100,192,82060,129,0,86380:0:0:0:0:
200,192,82060,129,0,86380:0:0:0:0:
64,192,82060,1,14,0:0:0:0:
320,192,82060,1,0,0:0:0:0:
192,192,82195,1,0,0:0:0:0:
448,192,82330,1,0,0:0:0:0:
320,192,82465,1,0,0:0:0:0:
192,192,82600,1,0,0:0:0:0:
64,192,82735,1,0,0:0:0:0:
192,192,82870,1,0,0:0:0:0:
64,192,83005,1,0,0:0:0:0:
448,192,83140,1,0,0:0:0:0:
192,192,83275,1,0,0:0:0:0:
320,192,83410,1,0,0:0:0:0:
448,192,83545,1,0,0:0:0:0:
320,192,83680,1,0,0:0:0:0:
448,192,83815,1,0,0:0:0:0:
320,192,83950,1,0,0:0:0:0:
192,192,84085,1,0,0:0:0:0:
64,192,84220,1,0,0:0:0:0:
192,192,84355,1,0,0:0:0:0:
320,192,84490,1,0,0:0:0:0:
448,192,84625,1,0,0:0:0:0:
192,192,84760,1,0,0:0:0:0:
448,192,84895,1,0,0:0:0:0:
192,192,85030,1,0,0:0:0:0:
320,192,85165,1,0,0:0:0:0:
64,192,85300,1,0,0:0:0:0:
192,192,85435,1,0,0:0:0:0:
320,192,85570,1,0,0:0:0:0:
448,192,85705,1,0,0:0:0:0:
320,192,85840,1,0,0:0:0:0:
448,192,85975,1,0,0:0:0:0:
320,192,86110,1,0,0:0:0:0:
192,192,86245,1,0,0:0:0:0:
64,192,86380,1,0,0:0:0:0:
192,192,86515,1,0,0:0:0:0:
448,192,86650,1,0,0:0:0:0:
192,192,86785,1,0,0:0:0:0:
320,192,86920,1,0,0:0:0:0:
64,192,87055,1,0,0:0:0:0:
320,192,87190,1,0,0:0:0:0:
448,192,87325,1,0,0:0:0:0:
192,192,87460,1,0,0:0:0:0:
320,192,87595,1,0,0:0:0:0:
64,192,87730,1,0,0:0:0:0:
448,192,87865,1,0,0:0:0:0:
192,192,88000,1,0,0:0:0:0:
320,192,88135,1,0,0:0:0:0:
64,192,88270,1,0,0:0:0:0:
448,192,88405,1,0,0:0:0:0:
192,192,88540,1,0,0:0:0:0:
320,192,88675,1,0,0:0:0:0:
64,192,88810,1,0,0:0:0:0:
320,192,88945,1,0,0:0:0:0:
448,192,89080,1,0,0:0:0:0:
192,192,89215,1,0,0:0:0:0:
64,192,89350,1,0,0:0:0:0:
320,192,89485,1,0,0:0:0:0:
448,192,89620,1,0,0:0:0:0:
192,192,89755,1,0,0:0:0:0:
64,192,89890,1,0,0:0:0:0:
448,192,90025,1,0,0:0:0:0:
192,192,90160,1,0,0:0:0:0:
320,192,90295,1,0,0:0:0:0:
64,192,90430,1,0,0:0:0:0:
192,192,90565,1,0,0:0:0:0:
200,192,90700,130,0,0:0:0:0:
200,192,90700,130,0,0:0:0:0:
448,192,90700,1,0,0:0:0:0:
320,192,90700,1,0,0:0:0:0:
192,192,90835,1,0,0:0:0:0:
192,192,91105,1,0,0:0:0:0:
192,192,91375,1,0,0:0:0:0:
192,192,91645,1,0,0:0:0:0:
192,192,91915,1,0,0:0:0:0:
192,192,92185,1,0,0:0:0:0:
192,192,92455,1,0,0:0:0:0:
192,192,92725,1,0,0:0:0:0:
100,192,92860,130,0,0:0:0:0:
200,192,92860,130,0,0:0:0:0:
64,192,92860,1,0,0:0:0:0:
448,192,92860,1,0,0:0:0:0:
320,192,92995,1,0,0:0:0:0:
320,192,93265,1,0,0:0:0:0:
320,192,93535,1,0,0:0:0:0:
320,192,93805,1,0,0:0:0:0:
320,192,94075,1,0,0:0:0:0:
320,192,94345,1,0,0:0:0:0:
320,192,94615,1,0,0:0:0:0:
320,192,94885,1,0,0:0:0:0:
100,192,95020,130,0,0:0:0:0:
200,192,95020,130,0,0:0:0:0:
192,192,95020,1,0,0:0:0:0:
448,192,95020,1,0,0:0:0:0:
64,192,95155,1,0,0:0:0:0:
64,192,95425,1,0,0:0:0:0:
64,192,95695,1,0,0:0:0:0:
64,192,95965,1,0,0:0:0:0:
320,192,96100,1,0,0:0:0:0:
448,192,96100,1,0,0:0:0:0:
192,192,96235,1,0,0:0:0:0:
192,192,96505,1,0,0:0:0:0:
64,192,96640,1,0,0:0:0:0:
320,192,96640,1,0,0:0:0:0:
448,192,96775,1,0,0:0:0:0:
448,192,97045,1,0,0:0:0:0:
100,192,97180,130,0,0:0:0:0:
200,192,97180,130,0,0:0:0:0:
64,192,97180,1,0,0:0:0:0:
320,192,97180,1,0,0:0:0:0:
448,192,97315,1,0,0:0:0:0:
64,192,97450,1,0,0:0:0:0:
320,192,97450,1,0,0:0:0:0:
448,192,97585,1,0,0:0:0:0:
64,192,97720,1,0,0:0:0:0:
320,192,97720,1,0,0:0:0:0:
448,192,97855,1,0,0:0:0:0:
320,192,97990,1,0,0:0:0:0:
64,192,97990,1,0,0:0:0:0:
448,192,98125,1,0,0:0:0:0:
100,192,98260,128,0,99340:0:0:0:0:
320,192,98260,1,0,0:0:0:0:
42,192,98260,1,0,0:0:0:0:
42,192,98530,1,0,0:0:0:0:
298,192,98530,1,0,0:0:0:0:
42,192,98800,1,0,0:0:0:0:
298,192,98800,1,0,0:0:0:0:
42,192,99070,1,0,0:0:0:0:
298,192,99070,1,0,0:0:0:0:
200,192,99340,128,0,100420:0:0:0:0:
128,192,99340,1,0,0:0:0:0:
384,192,99340,1,0,0:0:0:0:
128,192,99610,1,0,0:0:0:0:
384,192,99610,1,0,0:0:0:0:
128,192,99880,1,0,0:0:0:0:
384,192,99880,1,0,0:0:0:0:
128,192,100150,1,0,0:0:0:0:
384,192,100150,1,0,0:0:0:0:
100,192,100420,128,0,101500:0:0:0:0:
213,192,100420,1,0,0:0:0:0:
469,192,100420,1,0,0:0:0:0:
213,192,100690,1,0,0:0:0:0:
469,192,100690,1,0,0:0:0:0:
213,192,100960,1,0,0:0:0:0:
469,192,100960,1,0,0:0:0:0:
213,192,101230,1,0,0:0:0:0:
469,192,101230,1,0,0:0:0:0:
200,192,101500,128,0,102581:0:0:0:0:
469,192,101500,1,0,0:0:0:0:
298,192,101500,1,0,0:0:0:0:
128,192,101500,1,0,0:0:0:0:
298,192,101770,1,0,0:0:0:0:
469,192,101770,1,0,0:0:0:0:
128,192,101770,1,0,0:0:0:0:
298,192,102040,1,0,0:0:0:0:
469,192,102040,1,0,0:0:0:0:
128,192,102040,1,0,0:0:0:0:
298,192,102311,1,0,0:0:0:0:
469,192,102311,1,0,0:0:0:0:
128,192,102311,1,0,0:0:0:0:
100,192,102581,128,0,103661:0:0:0:0:
64,192,102581,1,0,0:0:0:0:
192,192,102581,1,0,0:0:0:0:
298,192,102581,1,0,0:0:0:0:
469,192,102581,1,0,0:0:0:0:
320,192,102851,1,0,0:0:0:0:
448,192,102851,1,0,0:0:0:0:
213,192,102851,1,0,0:0:0:0:
42,192,102851,1,0,0:0:0:0:
64,192,103121,1,0,0:0:0:0:
320,192,103121,1,0,0:0:0:0:
213,192,103121,1,0,0:0:0:0:
469,192,103121,1,0,0:0:0:0:
320,192,103391,1,0,0:0:0:0:
448,192,103391,1,0,0:0:0:0:
128,192,103391,1,0,0:0:0:0:
200,192,103661,128,0,104741:0:0:0:0:
128,192,103661,1,0,0:0:0:0:
298,192,103661,1,0,0:0:0:0:
469,192,103661,1,0,0:0:0:0:
64,192,103931,1,0,0:0:0:0:
213,192,103931,1,0,0:0:0:0:
384,192,103931,1,0,0:0:0:0:
448,192,104201,1,0,0:0:0:0:
298,192,104201,1,0,0:0:0:0:
128,192,104201,1,0,0:0:0:0:
213,192,104471,1,0,0:0:0:0:
42,192,104471,1,0,0:0:0:0:
384,192,104471,1,0,0:0:0:0:
100,192,104741,128,0,105821:0:0:0:0:
448,192,104741,1,0,0:0:0:0:
298,192,104741,1,0,0:0:0:0:
128,192,104741,1,0,0:0:0:0:
320,192,104876,1,0,0:0:0:0:
128,192,104876,1,0,0:0:0:0:
469,192,104876,1,0,0:0:0:0:
64,192,105011,1,0,0:0:0:0:
213,192,105011,1,0,0:0:0:0:
384,192,105011,1,0,0:0:0:0:
192,192,105146,1,0,0:0:0:0:
384,192,105146,1,0,0:0:0:0:
42,192,105146,1,0,0:0:0:0:
320,192,105281,1,0,0:0:0:0:
128,192,105281,1,0,0:0:0:0:
384,192,105281,1,0,0:0:0:0:
128,192,105416,1,0,0:0:0:0:
298,192,105416,1,0,0:0:0:0:
384,192,105416,1,0,0:0:0:0:
213,192,105551,1,0,0:0:0:0:
128,192,105551,1,0,0:0:0:0:
384,192,105551,1,0,0:0:0:0:
384,192,105686,1,0,0:0:0:0:
213,192,105686,1,0,0:0:0:0:
128,192,105686,1,0,0:0:0:0:
200,192,105821,128,0,106901:0:0:0:0:
448,192,105821,1,0,0:0:0:0:
384,192,105821,1,0,0:0:0:0:
298,192,105888,1,0,0:0:0:0:
192,192,105956,1,0,0:0:0:0:
64,192,106023,1,0,0:0:0:0:
128,192,106023,1,0,0:0:0:0:
448,192,106091,1,0,0:0:0:0:
384,192,106091,1,0,0:0:0:0:
320,192,106158,1,0,0:0:0:0:
192,192,106226,1,0,0:0:0:0:
64,192,106293,1,0,0:0:0:0:
128,192,106293,1,0,0:0:0:0:
448,192,106361,1,0,0:0:0:0:
384,192,106361,1,0,0:0:0:0:
320,192,106428,1,0,0:0:0:0:
192,192,106496,1,0,0:0:0:0:
64,192,106563,1,0,0:0:0:0:
128,192,106563,1,0,0:0:0:0:
448,192,106631,1,0,0:0:0:0:
384,192,106631,1,0,0:0:0:0:
320,192,106698,1,0,0:0:0:0:
192,192,106766,1,0,0:0:0:0:
64,192,106833,1,0,0:0:0:0:
128,192,106833,1,0,0:0:0:0:
100,192,106901,130,0,0:0:0:0:
298,192,106901,1,0,0:0:0:0:
384,192,106901,1,0,0:0:0:0:
469,192,106901,1,0,0:0:0:0:
100,192,107981,130,0,0:0:0:0:
200,192,107981,130,0,0:0:0:0:
64,192,107981,1,6,0:0:0:0:
320,192,107981,1,0,0:0:0:0:
298,192,107981,1,0,0:0:0:0:
469,192,107981,1,0,0:0:0:0:
213,192,108183,1,0,0:0:0:0:
128,192,108183,1,0,0:0:0:0:
384,192,108183,1,0,0:0:0:0:
320,192,108251,1,8,0:0:0:0:
42,192,108251,1,0,0:0:0:0:
448,192,108386,1,2,0:0:0:0:
213,192,108386,1,0,0:0:0:0:
320,192,108521,1,0,0:0:0:0:
64,192,108521,1,0,0:0:0:0:
128,192,108521,1,0,0:0:0:0:
384,192,108588,1,0,0:0:0:0:
469,192,108588,1,0,0:0:0:0:
192,192,108791,1,10,0:0:0:0:
128,192,108791,1,0,0:0:0:0:
320,192,108926,1,2,0:0:0:0:
384,192,108926,1,0,0:0:0:0:
64,192,109061,1,2,0:0:0:0:
192,192,109061,1,0,0:0:0:0:
128,192,109061,1,0,0:0:0:0:
469,192,109061,1,0,0:0:0:0:
298,192,109263,1,0,0:0:0:0:
384,192,109263,1,0,0:0:0:0:
192,192,109331,1,8,0:0:0:0:
128,192,109331,1,0,0:0:0:0:
469,192,109331,1,0,0:0:0:0:
320,192,109466,1,2,0:0:0:0:
192,192,109601,1,0,0:0:0:0:
64,192,109601,1,0,0:0:0:0:
384,192,109601,1,0,0:0:0:0:
448,192,109736,1,0,0:0:0:0:
320,192,109871,1,10,0:0:0:0:
128,192,109871,1,0,0:0:0:0:
384,192,109871,1,0,0:0:0:0:
192,192,110006,1,2,0:0:0:0:
64,192,110141,1,2,0:0:0:0:
320,192,110141,1,0,0:0:0:0:
448,192,110276,1,0,0:0:0:0:
128,192,110343,1,0,0:0:0:0:
298,192,110343,1,0,0:0:0:0:
192,192,110411,1,8,0:0:0:0:
384,192,110411,1,0,0:0:0:0:
320,192,110546,1,2,0:0:0:0:
64,192,110681,1,0,0:0:0:0:
192,192,110681,1,0,0:0:0:0:
298,192,110748,1,0,0:0:0:0:
469,192,110748,1,0,0:0:0:0:
448,192,110951,1,10,0:0:0:0:
298,192,111086,1,0,0:0:0:0:
469,192,111086,1,0,0:0:0:0:
64,192,111221,1,2,0:0:0:0:
192,192,111221,1,0,0:0:0:0:
320,192,111356,1,2,0:0:0:0:
192,192,111491,1,8,0:0:0:0:
448,192,111491,1,0,0:0:0:0:
320,192,111626,1,2,0:0:0:0:
192,192,111761,1,0,0:0:0:0:
448,192,111761,1,0,0:0:0:0:
42,192,111761,1,0,0:0:0:0:
320,192,111896,1,2,0:0:0:0:
384,192,111896,1,0,0:0:0:0:
192,192,112031,1,8,0:0:0:0:
448,192,112031,1,0,0:0:0:0:
42,192,112031,1,0,0:0:0:0:
320,192,112166,1,2,0:0:0:0:
384,192,112166,1,0,0:0:0:0:
192,192,112301,1,2,0:0:0:0:
448,192,112301,1,0,0:0:0:0:
128,192,112301,1,0,0:0:0:0:
64,192,112436,1,0,0:0:0:0:
320,192,112571,1,8,0:0:0:0:
192,192,112706,1,2,0:0:0:0:
448,192,112841,1,2,0:0:0:0:
320,192,112841,1,0,0:0:0:0:
64,192,112976,1,0,0:0:0:0:
192,192,112976,1,0,0:0:0:0:
320,192,113111,1,10,0:0:0:0:
448,192,113111,1,0,0:0:0:0:
64,192,113246,1,0,0:0:0:0:
192,192,113246,1,0,0:0:0:0:
320,192,113381,1,2,0:0:0:0:
448,192,113381,1,0,0:0:0:0:
384,192,113381,1,0,0:0:0:0:
192,192,113516,1,0,0:0:0:0:
64,192,113516,1,0,0:0:0:0:
320,192,113651,1,10,0:0:0:0:
448,192,113651,1,0,0:0:0:0:
213,192,113651,1,0,0:0:0:0:
192,192,113786,1,0,0:0:0:0:
64,192,113786,1,0,0:0:0:0:
320,192,113921,1,2,0:0:0:0:
448,192,113921,1,0,0:0:0:0:
128,192,113921,1,0,0:0:0:0:
192,192,114056,1,0,0:0:0:0:
42,192,114056,1,0,0:0:0:0:
320,192,114191,1,10,0:0:0:0:
448,192,114191,1,0,0:0:0:0:
42,192,114191,1,0,0:0:0:0:
192,192,114326,1,0,0:0:0:0:
64,192,114326,1,0,0:0:0:0:
448,192,114461,1,2,0:0:0:0:
320,192,114528,1,0,0:0:0:0:
192,192,114596,1,0,0:0:0:0:
64,192,114663,1,0,0:0:0:0:
448,192,114731,1,10,0:0:0:0:
320,192,114798,1,0,0:0:0:0:
192,192,114866,1,0,0:0:0:0:
64,192,114933,1,0,0:0:0:0:
448,192,115001,1,2,0:0:0:0:
320,192,115068,1,0,0:0:0:0:
192,192,115136,1,0,0:0:0:0:
64,192,115203,1,0,0:0:0:0:
448,192,115271,1,10,0:0:0:0:
320,192,115338,1,0,0:0:0:0:
192,192,115406,1,0,0:0:0:0:
64,192,115473,1,2,0:0:0:0:
192,192,115541,1,2,0:0:0:0:
448,192,115541,1,0,0:0:0:0:
320,192,115676,1,0,0:0:0:0:
200,192,115811,130,0,0:0:0:0:
64,192,115811,1,12,0:0:0:0:
192,192,115811,1,0,0:0:0:0:
448,192,115946,1,2,0:0:0:0:
200,192,116081,130,0,0:0:0:0:
320,192,116081,1,12,0:0:0:0:
192,192,116081,1,0,0:0:0:0:
64,192,116216,1,0,0:0:0:0:
200,192,116351,130,0,0:0:0:0:
448,192,116351,1,14,0:0:0:0:
320,192,116351,1,0,0:0:0:0:
192,192,116486,1,0,0:0:0:0:
100,192,116621,130,0,0:0:0:0:
200,192,116621,130,0,0:0:0:0:
64,192,116621,1,6,0:0:0:0:
320,192,116621,1,0,0:0:0:0:
128,192,116621,1,0,0:0:0:0:
42,192,116756,1,0,0:0:0:0:
128,192,116756,1,0,0:0:0:0:
298,192,116756,1,0,0:0:0:0:
320,192,116891,1,10,0:0:0:0:
213,192,116891,1,0,0:0:0:0:
469,192,116891,1,0,0:0:0:0:
448,192,117026,1,0,0:0:0:0:
213,192,117026,1,0,0:0:0:0:
298,192,117026,1,0,0:0:0:0:
320,192,117161,1,2,0:0:0:0:
128,192,117161,1,0,0:0:0:0:
298,192,117296,1,0,0:0:0:0:
128,192,117296,1,0,0:0:0:0:
469,192,117431,1,0,0:0:0:0:
213,192,117431,1,0,0:0:0:0:
213,192,117566,1,0,0:0:0:0:
469,192,117566,1,0,0:0:0:0:
320,192,117701,1,2,0:0:0:0:
384,192,117701,1,0,0:0:0:0:
192,192,117791,1,2,0:0:0:0:
128,192,117791,1,0,0:0:0:0:
320,192,117881,1,2,0:0:0:0:
384,192,117881,1,0,0:0:0:0:
448,192,117971,1,10,0:0:0:0:
192,192,118106,1,0,0:0:0:0:
64,192,118241,1,2,0:0:0:0:
320,192,118241,1,0,0:0:0:0:
469,192,118443,1,0,0:0:0:0:
320,192,118511,1,8,0:0:0:0:
192,192,118646,1,2,0:0:0:0:
64,192,118781,1,2,0:0:0:0:
448,192,118781,1,0,0:0:0:0:
128,192,118781,1,0,0:0:0:0:
128,192,118916,1,0,0:0:0:0:
42,192,118916,1,0,0:0:0:0:
320,192,119051,1,10,0:0:0:0:
128,192,119051,1,0,0:0:0:0:
128,192,119186,1,0,0:0:0:0:
298,192,119186,1,0,0:0:0:0:
192,192,119321,1,0,0:0:0:0:
384,192,119321,1,0,0:0:0:0:
213,192,119456,1,0,0:0:0:0:
384,192,119456,1,0,0:0:0:0:
320,192,119591,1,10,0:0:0:0:
469,192,119591,1,0,0:0:0:0:
298,192,119726,1,0,0:0:0:0:
469,192,119726,1,0,0:0:0:0:
213,192,119861,1,0,0:0:0:0:
384,192,119861,1,0,0:0:0:0:
192,192,119996,1,0,0:0:0:0:
384,192,119996,1,0,0:0:0:0:
320,192,120131,1,10,0:0:0:0:
128,192,120131,1,0,0:0:0:0:
128,192,120266,1,0,0:0:0:0:
298,192,120266,1,0,0:0:0:0:
192,192,120401,1,2,0:0:0:0:
448,192,120401,1,0,0:0:0:0:
42,192,120401,1,0,0:0:0:0:
42,192,120536,1,0,0:0:0:0:
213,192,120536,1,0,0:0:0:0:
469,192,120536,1,0,0:0:0:0:
448,192,120671,1,10,0:0:0:0:
384,192,120671,1,0,0:0:0:0:
192,192,120806,1,0,0:0:0:0:
384,192,120806,1,0,0:0:0:0:
469,192,120806,1,0,0:0:0:0:
320,192,120941,1,2,0:0:0:0:
448,192,120941,1,0,0:0:0:0:
128,192,120941,1,0,0:0:0:0:
213,192,121143,1,0,0:0:0:0:
320,192,121211,1,8,0:0:0:0:
469,192,121211,1,0,0:0:0:0:
64,192,121346,1,2,0:0:0:0:
192,192,121481,1,2,0:0:0:0:
448,192,121481,1,0,0:0:0:0:
298,192,121548,1,0,0:0:0:0:
448,192,121751,1,8,0:0:0:0:
128,192,121751,1,0,0:0:0:0:
64,192,121886,1,2,0:0:0:0:
192,192,122021,1,2,0:0:0:0:
320,192,122021,1,0,0:0:0:0:
469,192,122021,1,0,0:0:0:0:
42,192,122021,1,0,0:0:0:0:
448,192,122156,1,0,0:0:0:0:
320,192,122291,1,10,0:0:0:0:
64,192,122426,1,0,0:0:0:0:
192,192,122561,1,2,0:0:0:0:
448,192,122561,1,0,0:0:0:0:
128,192,122561,1,0,0:0:0:0:
384,192,122696,1,0,0:0:0:0:
192,192,122831,1,8,0:0:0:0:
384,192,122831,1,0,0:0:0:0:
298,192,122831,1,0,0:0:0:0:
448,192,122966,1,2,0:0:0:0:
192,192,123101,1,2,0:0:0:0:
320,192,123101,1,0,0:0:0:0:
42,192,123101,1,0,0:0:0:0:
469,192,123101,1,0,0:0:0:0:
64,192,123371,1,8,0:0:0:0:
320,192,123371,1,0,0:0:0:0:
192,192,123641,1,2,0:0:0:0:
448,192,123641,1,0,0:0:0:0:
320,192,123911,1,10,0:0:0:0:
448,192,123911,1,0,0:0:0:0:
200,192,124181,130,0,0:0:0:0:
192,192,124181,1,14,0:0:0:0:
469,192,124181,1,0,0:0:0:0:
213,192,124316,1,0,0:0:0:0:
469,192,124316,1,0,0:0:0:0:
200,192,124451,130,0,0:0:0:0:
320,192,124451,1,0,0:0:0:0:
128,192,124451,1,0,0:0:0:0:
298,192,124586,1,0,0:0:0:0:
128,192,124586,1,0,0:0:0:0:
200,192,124721,130,0,0:0:0:0:
320,192,124721,1,14,0:0:0:0:
448,192,124721,1,0,0:0:0:0:
42,192,124721,1,0,0:0:0:0:
42,192,124856,1,0,0:0:0:0:
298,192,124856,1,0,0:0:0:0:
469,192,124856,1,0,0:0:0:0:
100,192,124991,130,0,0:0:0:0:
192,192,124991,1,14,0:0:0:0:
384,192,124991,1,0,0:0:0:0:
128,192,124991,1,0,0:0:0:0:
128,192,125126,1,0,0:0:0:0:
213,192,125126,1,0,0:0:0:0:
384,192,125126,1,0,0:0:0:0:
100,192,125261,130,0,0:0:0:0:
200,192,125261,130,0,0:0:0:0:
298,192,125261,1,0,0:0:0:0:
469,192,125261,1,0,0:0:0:0:
64,192,125261,1,6,0:0:0:0:
320,192,125261,1,0,0:0:0:0:
384,192,125463,1,0,0:0:0:0:
128,192,125463,1,0,0:0:0:0:
213,192,125463,1,0,0:0:0:0:
469,192,125463,1,0,0:0:0:0:
42,192,125531,1,0,0:0:0:0:
320,192,125531,1,8,0:0:0:0:
213,192,125666,1,0,0:0:0:0:
448,192,125666,1,2,0:0:0:0:
128,192,125801,1,0,0:0:0:0:
64,192,125801,1,0,0:0:0:0:
320,192,125801,1,0,0:0:0:0:
469,192,125868,1,0,0:0:0:0:
384,192,125868,1,0,0:0:0:0:
213,192,125868,1,0,0:0:0:0:
128,192,126071,1,0,0:0:0:0:
192,192,126071,1,10,0:0:0:0:
469,192,126071,1,0,0:0:0:0:
384,192,126206,1,0,0:0:0:0:
320,192,126206,1,2,0:0:0:0:
128,192,126341,1,0,0:0:0:0:
469,192,126341,1,0,0:0:0:0:
64,192,126341,1,2,0:0:0:0:
192,192,126341,1,0,0:0:0:0:
384,192,126543,1,0,0:0:0:0:
298,192,126543,1,0,0:0:0:0:
42,192,126543,1,0,0:0:0:0:
469,192,126611,1,0,0:0:0:0:
128,192,126611,1,0,0:0:0:0:
192,192,126611,1,8,0:0:0:0:
320,192,126746,1,2,0:0:0:0:
384,192,126881,1,0,0:0:0:0:
64,192,126881,1,0,0:0:0:0:
192,192,126881,1,0,0:0:0:0:
448,192,127016,1,0,0:0:0:0:
384,192,127151,1,0,0:0:0:0:
128,192,127151,1,0,0:0:0:0:
320,192,127151,1,10,0:0:0:0:
192,192,127286,1,2,0:0:0:0:
320,192,127421,1,0,0:0:0:0:
64,192,127421,1,2,0:0:0:0:
469,192,127421,1,0,0:0:0:0:
448,192,127556,1,0,0:0:0:0:
298,192,127623,1,0,0:0:0:0:
128,192,127623,1,0,0:0:0:0:
384,192,127691,1,0,0:0:0:0:
192,192,127691,1,8,0:0:0:0:
42,192,127691,1,0,0:0:0:0:
320,192,127826,1,2,0:0:0:0:
192,192,127961,1,0,0:0:0:0:
64,192,127961,1,0,0:0:0:0:
469,192,128028,1,0,0:0:0:0:
298,192,128028,1,0,0:0:0:0:
448,192,128231,1,10,0:0:0:0:
128,192,128231,1,0,0:0:0:0:
469,192,128366,1,0,0:0:0:0:
298,192,128366,1,0,0:0:0:0:
192,192,128501,1,0,0:0:0:0:
64,192,128501,1,2,0:0:0:0:
320,192,128636,1,2,0:0:0:0:
448,192,128771,1,0,0:0:0:0:
192,192,128771,1,8,0:0:0:0:
128,192,128771,1,0,0:0:0:0:
384,192,128771,1,0,0:0:0:0:
320,192,128906,1,2,0:0:0:0:
42,192,129041,1,0,0:0:0:0:
448,192,129041,1,0,0:0:0:0:
192,192,129041,1,0,0:0:0:0:
128,192,129041,1,0,0:0:0:0:
384,192,129176,1,0,0:0:0:0:
320,192,129176,1,2,0:0:0:0:
42,192,129311,1,0,0:0:0:0:
448,192,129311,1,0,0:0:0:0:
192,192,129311,1,8,0:0:0:0:
128,192,129311,1,0,0:0:0:0:
384,192,129446,1,0,0:0:0:0:
320,192,129446,1,2,0:0:0:0:
128,192,129581,1,0,0:0:0:0:
448,192,129581,1,0,0:0:0:0:
192,192,129581,1,2,0:0:0:0:
64,192,129716,1,0,0:0:0:0:
320,192,129851,1,8,0:0:0:0:
384,192,129851,1,0,0:0:0:0:
192,192,129986,1,2,0:0:0:0:
128,192,129986,1,0,0:0:0:0:
320,192,130121,1,0,0:0:0:0:
448,192,130121,1,2,0:0:0:0:
192,192,130256,1,0,0:0:0:0:
64,192,130256,1,0,0:0:0:0:
448,192,130391,1,0,0:0:0:0:
320,192,130391,1,10,0:0:0:0:
192,192,130526,1,0,0:0:0:0:
64,192,130526,1,0,0:0:0:0:
384,192,130661,1,0,0:0:0:0:
448,192,130661,1,0,0:0:0:0:
320,192,130661,1,2,0:0:0:0:
128,192,130661,1,0,0:0:0:0:
64,192,130796,1,0,0:0:0:0:
192,192,130796,1,0,0:0:0:0:
213,192,130931,1,0,0:0:0:0:
448,192,130931,1,0,0:0:0:0:
320,192,130931,1,10,0:0:0:0:
64,192,131066,1,0,0:0:0:0:
192,192,131066,1,0,0:0:0:0:
128,192,131201,1,0,0:0:0:0:
448,192,131201,1,0,0:0:0:0:
320,192,131201,1,2,0:0:0:0:
42,192,131336,1,0,0:0:0:0:
192,192,131336,1,0,0:0:0:0:
42,192,131471,1,0,0:0:0:0:
448,192,131471,1,0,0:0:0:0:
320,192,131471,1,10,0:0:0:0:
64,192,131606,1,0,0:0:0:0:
192,192,131606,1,0,0:0:0:0:
448,192,131741,1,2,0:0:0:0:
128,192,131741,1,0,0:0:0:0:
384,192,131741,1,0,0:0:0:0:
320,192,131808,1,0,0:0:0:0:
192,192,131876,1,0,0:0:0:0:
64,192,131943,1,0,0:0:0:0:
128,192,131943,1,0,0:0:0:0:
448,192,132011,1,10,0:0:0:0:
384,192,132011,1,0,0:0:0:0:
320,192,132078,1,0,0:0:0:0:
192,192,132146,1,0,0:0:0:0:
64,192,132213,1,0,0:0:0:0:
128,192,132213,1,0,0:0:0:0:
448,192,132281,1,2,0:0:0:0:
384,192,132281,1,0,0:0:0:0:
320,192,132348,1,0,0:0:0:0:
192,192,132416,1,0,0:0:0:0:
64,192,132483,1,0,0:0:0:0:
128,192,132483,1,0,0:0:0:0:
448,192,132551,1,10,0:0:0:0:
384,192,132551,1,0,0:0:0:0:
320,192,132618,1,0,0:0:0:0:
192,192,132686,1,0,0:0:0:0:
64,192,132753,1,2,0:0:0:0:
128,192,132753,1,0,0:0:0:0:
448,192,132821,1,0,0:0:0:0:
192,192,132821,1,2,0:0:0:0:
384,192,132821,1,0,0:0:0:0:
320,192,132956,1,0,0:0:0:0:
200,192,133091,130,0,0:0:0:0:
192,192,133091,1,0,0:0:0:0
64,192,133091,1,12,0:0:0:0:
384,192,133091,1,0,0:0:0:0:
448,192,133226,1,2,0:0:0:0:
128,192,133226,1,0,0:0:0:0:
298,192,133226,1,0,0:0:0:0:
192,192,133361,1,0,0:0:0:0:
320,192,133361,1,12,0:0:0:0:
42,192,133361,1,0,0:0:0:0:
64,192,133496,1,0,0:0:0:0:
128,192,133496,1,0,0:0:0:0:
384,192,133496,1,0,0:0:0:0:
469,192,133496,1,0,0:0:0:0:
320,192,133631,1,0,0:0:0:0:
200,192,133631,130,0,0:0:0:0:
448,192,133631,1,14,0:0:0:0:
192,192,133766,1,0,0:0:0:0:
200,192,133901,130,0,0:0:0:0:
100,192,133901,130,0,0:0:0:0:
128,192,133901,1,0,0:0:0:0:
320,192,133901,1,0,0:0:0:0:
64,192,133901,1,6,0:0:0:0:
384,192,133901,1,0,0:0:0:0:
469,192,133901,1,0,0:0:0:0:
298,192,134036,1,0,0:0:0:0:
128,192,134036,1,0,0:0:0:0:
42,192,134036,1,0,0:0:0:0:
384,192,134036,1,0,0:0:0:0:
469,192,134036,1,0,0:0:0:0:
469,192,134171,1,0,0:0:0:0:
213,192,134171,1,0,0:0:0:0:
320,192,134171,1,10,0:0:0:0:
298,192,134306,1,0,0:0:0:0:
213,192,134306,1,0,0:0:0:0:
448,192,134306,1,0,0:0:0:0:
128,192,134441,1,0,0:0:0:0:
320,192,134441,1,2,0:0:0:0:
384,192,134441,1,0,0:0:0:0:
128,192,134576,1,0,0:0:0:0:
298,192,134576,1,0,0:0:0:0:
384,192,134576,1,0,0:0:0:0:
213,192,134711,1,0,0:0:0:0:
469,192,134711,1,0,0:0:0:0:
42,192,134711,1,0,0:0:0:0:
469,192,134846,1,0,0:0:0:0:
213,192,134846,1,0,0:0:0:0:
42,192,134846,1,0,0:0:0:0:
384,192,134981,1,0,0:0:0:0:
320,192,134981,1,2,0:0:0:0:
469,192,134981,1,0,0:0:0:0:
128,192,135071,1,0,0:0:0:0:
192,192,135071,1,2,0:0:0:0:
42,192,135071,1,0,0:0:0:0:
384,192,135161,1,0,0:0:0:0:
320,192,135161,1,2,0:0:0:0:
469,192,135161,1,0,0:0:0:0:
213,192,135251,1,0,0:0:0:0:
128,192,135251,1,0,0:0:0:0:
42,192,135251,1,0,0:0:0:0:
192,192,135386,1,0,0:0:0:0:
384,192,135386,1,0,0:0:0:0:
320,192,135521,1,0,0:0:0:0:
64,192,135521,1,2,0:0:0:0:
469,192,135723,1,0,0:0:0:0:
128,192,135723,1,0,0:0:0:0:
320,192,135791,1,8,0:0:0:0:
42,192,135791,1,0,0:0:0:0:
192,192,135926,1,2,0:0:0:0:
128,192,136061,1,0,0:0:0:0:
448,192,136061,1,0,0:0:0:0:
64,192,136061,1,2,0:0:0:0:
384,192,136061,1,0,0:0:0:0:
42,192,136196,1,0,0:0:0:0:
128,192,136196,1,0,0:0:0:0:
384,192,136196,1,0,0:0:0:0:
128,192,136331,1,0,0:0:0:0:
320,192,136331,1,10,0:0:0:0:
469,192,136331,1,0,0:0:0:0:
298,192,136466,1,0,0:0:0:0:
128,192,136466,1,0,0:0:0:0:
469,192,136466,1,0,0:0:0:0:
384,192,136601,1,0,0:0:0:0:
192,192,136601,1,0,0:0:0:0:
469,192,136601,1,0,0:0:0:0:
384,192,136736,1,0,0:0:0:0:
213,192,136736,1,0,0:0:0:0:
469,192,136736,1,0,0:0:0:0:
469,192,136871,1,0,0:0:0:0:
320,192,136871,1,10,0:0:0:0:
128,192,136871,1,0,0:0:0:0:
469,192,137006,1,0,0:0:0:0:
298,192,137006,1,0,0:0:0:0:
128,192,137006,1,0,0:0:0:0:
384,192,137141,1,0,0:0:0:0:
213,192,137141,1,0,0:0:0:0:
42,192,137141,1,0,0:0:0:0:
469,192,137141,1,0,0:0:0:0:
384,192,137276,1,0,0:0:0:0:
192,192,137276,1,0,0:0:0:0:
42,192,137276,1,0,0:0:0:0:
469,192,137276,1,0,0:0:0:0:
128,192,137411,1,0,0:0:0:0:
320,192,137411,1,10,0:0:0:0:
384,192,137411,1,0,0:0:0:0:
298,192,137546,1,0,0:0:0:0:
128,192,137546,1,0,0:0:0:0:
384,192,137546,1,0,0:0:0:0:
42,192,137681,1,0,0:0:0:0:
448,192,137681,1,0,0:0:0:0:
192,192,137681,1,2,0:0:0:0:
298,192,137681,1,0,0:0:0:0:
469,192,137816,1,0,0:0:0:0:
213,192,137816,1,0,0:0:0:0:
42,192,137816,1,0,0:0:0:0:
298,192,137816,1,0,0:0:0:0:
384,192,137951,1,0,0:0:0:0:
448,192,137951,1,10,0:0:0:0:
128,192,137951,1,0,0:0:0:0:
213,192,137951,1,0,0:0:0:0:
469,192,138086,1,0,0:0:0:0:
384,192,138086,1,0,0:0:0:0:
192,192,138086,1,0,0:0:0:0:
128,192,138086,1,0,0:0:0:0:
128,192,138221,1,0,0:0:0:0:
448,192,138221,1,0,0:0:0:0:
320,192,138221,1,2,0:0:0:0:
213,192,138423,1,0,0:0:0:0:
42,192,138423,1,0,0:0:0:0:
469,192,138491,1,0,0:0:0:0:
320,192,138491,1,8,0:0:0:0:
64,192,138626,1,2,0:0:0:0:
448,192,138761,1,0,0:0:0:0:
192,192,138761,1,2,0:0:0:0:
298,192,138828,1,0,0:0:0:0:
128,192,139031,1,0,0:0:0:0:
448,192,139031,1,8,0:0:0:0:
64,192,139166,1,2,0:0:0:0:
469,192,139301,1,0,0:0:0:0:
42,192,139301,1,0,0:0:0:0:
192,192,139301,1,2,0:0:0:0:
320,192,139301,1,0,0:0:0:0:
448,192,139436,1,0,0:0:0:0:
128,192,139436,1,0,0:0:0:0:
320,192,139571,1,10,0:0:0:0:
213,192,139571,1,0,0:0:0:0:
64,192,139706,1,0,0:0:0:0:
128,192,139841,1,0,0:0:0:0:
448,192,139841,1,0,0:0:0:0:
192,192,139841,1,2,0:0:0:0:
384,192,139976,1,0,0:0:0:0:
298,192,140111,1,0,0:0:0:0:
384,192,140111,1,0,0:0:0:0:
192,192,140111,1,8,0:0:0:0:
448,192,140246,1,2,0:0:0:0:
42,192,140381,1,0,0:0:0:0:
469,192,140381,1,0,0:0:0:0:
192,192,140381,1,2,0:0:0:0:
320,192,140381,1,0,0:0:0:0:
320,192,140651,1,0,0:0:0:0:
64,192,140651,1,8,0:0:0:0:
469,192,140651,1,0,0:0:0:0:
448,192,140921,1,0,0:0:0:0:
192,192,140921,1,2,0:0:0:0:
128,192,140921,1,0,0:0:0:0:
448,192,141191,1,0,0:0:0:0:
320,192,141191,1,10,0:0:0:0:
384,192,141191,1,0,0:0:0:0:
200,192,141461,130,0,0:0:0:0:
469,192,141461,1,0,0:0:0:0:
192,192,141461,1,14,0:0:0:0:
42,192,141461,1,0,0:0:0:0:
469,192,141596,1,0,0:0:0:0:
213,192,141596,1,0,0:0:0:0:
200,192,141731,130,0,0:0:0:0:
128,192,141731,1,0,0:0:0:0:
320,192,141731,1,0,0:0:0:0:
128,192,141866,1,0,0:0:0:0:
298,192,141866,1,0,0:0:0:0:
200,192,142001,130,0,0:0:0:0:
42,192,142001,1,0,0:0:0:0:
448,192,142001,1,0,0:0:0:0:
320,192,142001,1,14,0:0:0:0:
469,192,142136,1,0,0:0:0:0:
298,192,142136,1,0,0:0:0:0:
42,192,142136,1,0,0:0:0:0:
100,192,142271,130,0,0:0:0:0:
128,192,142271,1,0,0:0:0:0:
384,192,142271,1,0,0:0:0:0:
192,192,142271,1,14,0:0:0:0:
384,192,142406,1,0,0:0:0:0:
213,192,142406,1,0,0:0:0:0:
128,192,142406,1,0,0:0:0:0:
100,192,142541,129,0,146861:0:0:0:0:
200,192,142541,129,0,146861:0:0:0:0:
64,192,142541,1,14,0:0:0:0:
213,192,142541,1,0,0:0:0:0:
384,192,142676,1,0,0:0:0:0:
128,192,142811,1,0,0:0:0:0:
298,192,142811,1,0,0:0:0:0:
469,192,142946,1,0,0:0:0:0:
213,192,143081,1,0,0:0:0:0:
384,192,143081,1,0,0:0:0:0:
42,192,143216,1,0,0:0:0:0:
298,192,143351,1,0,0:0:0:0:
469,192,143351,1,0,0:0:0:0:
384,192,143486,1,0,0:0:0:0:
42,192,143621,1,0,0:0:0:0:
213,192,143621,1,0,0:0:0:0:
128,192,143621,1,0,0:0:0:0:
384,192,143756,1,0,0:0:0:0:
128,192,143891,1,0,0:0:0:0:
298,192,143891,1,0,0:0:0:0:
213,192,143891,1,0,0:0:0:0:
469,192,144026,1,0,0:0:0:0:
213,192,144161,1,0,0:0:0:0:
384,192,144161,1,0,0:0:0:0:
298,192,144161,1,0,0:0:0:0:
42,192,144296,1,0,0:0:0:0:
298,192,144431,1,0,0:0:0:0:
469,192,144431,1,0,0:0:0:0:
384,192,144431,1,0,0:0:0:0:
298,192,144566,1,0,0:0:0:0:
42,192,144701,1,0,0:0:0:0:
213,192,144701,1,0,0:0:0:0:
384,192,144701,1,0,0:0:0:0:
128,192,144701,1,0,0:0:0:0:
128,192,144971,1,0,0:0:0:0:
298,192,144971,1,0,0:0:0:0:
469,192,144971,1,0,0:0:0:0:
213,192,144971,1,0,0:0:0:0:
213,192,145241,1,0,0:0:0:0:
298,192,145241,1,0,0:0:0:0:
384,192,145241,1,0,0:0:0:0:
42,192,145241,1,0,0:0:0:0:
469,192,145241,1,0,0:0:0:0:
128,192,145511,1,0,0:0:0:0:
213,192,145511,1,0,0:0:0:0:
298,192,145511,1,0,0:0:0:0:
469,192,145511,1,0,0:0:0:0:
384,192,145511,1,0,0:0:0:0:
42,192,145781,1,0,0:0:0:0:
213,192,145781,1,0,0:0:0:0:
298,192,145848,1,0,0:0:0:0:
469,192,145848,1,0,0:0:0:0:
42,192,145916,1,0,0:0:0:0:
213,192,145916,1,0,0:0:0:0:
298,192,145983,1,0,0:0:0:0:
469,192,145983,1,0,0:0:0:0:
128,192,146051,1,0,0:0:0:0:
213,192,146051,1,0,0:0:0:0:
298,192,146118,1,0,0:0:0:0:
384,192,146118,1,0,0:0:0:0:
213,192,146186,1,0,0:0:0:0:
128,192,146186,1,0,0:0:0:0:
298,192,146253,1,0,0:0:0:0:
384,192,146253,1,0,0:0:0:0:
42,192,146321,1,0,0:0:0:0:
213,192,146321,1,0,0:0:0:0:
298,192,146388,1,0,0:0:0:0:
469,192,146388,1,0,0:0:0:0:
213,192,146456,1,0,0:0:0:0:
42,192,146456,1,0,0:0:0:0:
298,192,146523,1,0,0:0:0:0:
469,192,146523,1,0,0:0:0:0:
128,192,146591,1,0,0:0:0:0:
213,192,146591,1,0,0:0:0:0:
298,192,146658,1,0,0:0:0:0:
384,192,146658,1,0,0:0:0:0:
213,192,146726,1,0,0:0:0:0:
128,192,146726,1,0,0:0:0:0:
298,192,146793,1,0,0:0:0:0:
384,192,146793,1,0,0:0:0:0:
42,192,146861,1,0,0:0:0:0:
469,192,146861,1,0,0:0:0:0:
213,192,146861,1,0,0:0:0:0: